LIDC-IDRI-0001	43	316	367	1	1	5
LIDC-IDRI-0001	63	213	158	0	0	0
LIDC-IDRI-0004	109	353	346	0	0	0
LIDC-IDRI-0004	110	350	333	0	0	0
LIDC-IDRI-0004	114	308	357	0	0	0
LIDC-IDRI-0004	165	142	323	1	1	1
LIDC-IDRI-0004	171	326	344	0	0	0
LIDC-IDRI-0004	56	236	203	0	0	0
LIDC-IDRI-0004	77	201	167	0	0	0
LIDC-IDRI-0005	11	332	347	0	0	0
LIDC-IDRI-0006	37	217	132	0	0	0
LIDC-IDRI-0006	38	367	378	0	0	0
LIDC-IDRI-0006	67	207	114	0	0	0
LIDC-IDRI-0007	104	306	315	0	0	0
LIDC-IDRI-0007	104	365	353	0	0	0
LIDC-IDRI-0007	105	310	321	0	0	0
LIDC-IDRI-0007	112	215	328	0	0	0
LIDC-IDRI-0008	45	369	270	1	1	3
LIDC-IDRI-0008	46	301	304	0	0	0
LIDC-IDRI-0009	89	304	324	1	1	2
LIDC-IDRI-0011	24	189	198	1	1	1
LIDC-IDRI-0011	24	345	199	0	0	0
LIDC-IDRI-0011	31	349	184	0	0	0
LIDC-IDRI-0011	34	329	361	1	1	2
LIDC-IDRI-0011	46	346	366	0	0	0
LIDC-IDRI-0011	46	360	163	0	0	0
LIDC-IDRI-0011	67	306	330	1	1	1
LIDC-IDRI-0011	69	400	188	1	1	1
LIDC-IDRI-0011	80	69	285	1	1	1
LIDC-IDRI-0011	93	357	272	1	1	1
LIDC-IDRI-0012	62	365	216	1	1	3
LIDC-IDRI-0012	86	389	188	0	0	0
LIDC-IDRI-0013	23	308	221	0	0	0
LIDC-IDRI-0013	29	320	193	0	0	0
LIDC-IDRI-0013	31	356	136	0	0	0
LIDC-IDRI-0013	34	192	145	1	1	5
LIDC-IDRI-0013	56	239	84	0	0	0
LIDC-IDRI-0013	6	184	267	0	0	0
LIDC-IDRI-0013	73	196	138	0	0	0
LIDC-IDRI-0014	40	357	275	1	1	3
LIDC-IDRI-0015	31	315	255	1	1	4
LIDC-IDRI-0016	37	203	309	0	0	0
LIDC-IDRI-0016	67	438	182	1	1	4
LIDC-IDRI-0017	142	344	139	0	0	0
LIDC-IDRI-0017	65	204	355	0	0	0
LIDC-IDRI-0018	18	364	310	1	1	4
LIDC-IDRI-0018	22	220	346	0	0	0
LIDC-IDRI-0019	41	180	266	1	1	3
LIDC-IDRI-0019	52	340	338	0	0	0
LIDC-IDRI-0021	22	180	289	1	1	2
LIDC-IDRI-0021	47	164	213	0	0	0
LIDC-IDRI-0021	51	179	196	0	0	0
LIDC-IDRI-0021	84	367	160	0	0	0
LIDC-IDRI-0021	9	242	258	0	0	0
LIDC-IDRI-0022	11	326	347	0	0	0
LIDC-IDRI-0022	28	201	391	1	1	2
LIDC-IDRI-0027	21	322	335	1	1	3
LIDC-IDRI-0030	37	228	365	1	1	3
LIDC-IDRI-0031	14	318	325	0	0	0
LIDC-IDRI-0031	15	326	316	0	0	0
LIDC-IDRI-0031	28	305	324	0	0	0
LIDC-IDRI-0031	32	303	324	0	0	0
LIDC-IDRI-0031	32	310	328	0	0	0
LIDC-IDRI-0031	35	306	296	0	0	0
LIDC-IDRI-0031	44	155	356	1	1	3
LIDC-IDRI-0031	67	197	173	0	0	0
LIDC-IDRI-0032	25	216	252	0	0	0
LIDC-IDRI-0033	16	309	335	0	0	0
LIDC-IDRI-0033	67	301	317	0	0	0
LIDC-IDRI-0033	71	332	179	0	0	0
LIDC-IDRI-0034	168	455	266	1	1	2
LIDC-IDRI-0035	18	299	340	1	1	3
LIDC-IDRI-0035	50	225	348	0	0	0
LIDC-IDRI-0035	52	225	361	0	0	0
LIDC-IDRI-0035	67	216	382	0	0	0
LIDC-IDRI-0036	72	141	313	1	1	4
LIDC-IDRI-0038	80	425	261	1	1	3
LIDC-IDRI-0039	117	238	367	1	1	1
LIDC-IDRI-0039	148	252	299	1	1	1
LIDC-IDRI-0039	155	176	214	0	0	0
LIDC-IDRI-0039	158	145	267	1	1	1
LIDC-IDRI-0039	163	176	201	0	0	0
LIDC-IDRI-0039	86	192	354	0	0	0
LIDC-IDRI-0039	88	191	349	0	0	0
LIDC-IDRI-0039	95	228	346	0	0	0
LIDC-IDRI-0040	54	120	231	1	1	3
LIDC-IDRI-0040	87	170	432	1	1	1
LIDC-IDRI-0040	96	412	351	0	0	0
LIDC-IDRI-0041	101	321	337	1	1	4
LIDC-IDRI-0041	88	363	197	0	0	0
LIDC-IDRI-0042	84	161	359	1	1	3
LIDC-IDRI-0043	22	139	307	1	1	4
LIDC-IDRI-0044	103	348	396	0	0	0
LIDC-IDRI-0044	80	346	384	1	1	4
LIDC-IDRI-0045	87	337	367	1	1	4
LIDC-IDRI-0045	97	357	384	0	0	0
LIDC-IDRI-0046	80	176	385	0	0	0
LIDC-IDRI-0046	80	376	366	1	1	3
LIDC-IDRI-0047	56	142	284	1	1	4
LIDC-IDRI-0047	81	168	161	0	0	0
LIDC-IDRI-0047	82	164	168	0	0	0
LIDC-IDRI-0047	82	171	171	0	0	0
LIDC-IDRI-0047	85	157	170	0	0	0
LIDC-IDRI-0048	108	169	216	1	1	4
LIDC-IDRI-0048	113	187	199	0	0	0
LIDC-IDRI-0048	162	330	346	0	0	0
LIDC-IDRI-0048	180	184	161	0	0	0
LIDC-IDRI-0048	183	195	154	0	0	0
LIDC-IDRI-0048	185	191	177	0	0	0
LIDC-IDRI-0048	191	158	231	0	0	0
LIDC-IDRI-0048	192	160	167	0	0	0
LIDC-IDRI-0048	194	166	173	0	0	0
LIDC-IDRI-0048	195	168	192	0	0	0
LIDC-IDRI-0048	218	359	336	0	0	0
LIDC-IDRI-0049	20	217	330	0	0	0
LIDC-IDRI-0049	30	239	316	0	0	0
LIDC-IDRI-0049	36	235	323	0	0	0
LIDC-IDRI-0049	54	160	368	0	0	0
LIDC-IDRI-0049	63	148	231	0	0	0
LIDC-IDRI-0049	64	345	174	1	1	1
LIDC-IDRI-0049	79	159	370	0	0	0
LIDC-IDRI-0049	80	355	146	1	1	1
LIDC-IDRI-0049	94	197	347	0	0	0
LIDC-IDRI-0049	96	123	345	1	1	2
LIDC-IDRI-0051	38	338	243	1	1	3
LIDC-IDRI-0052	150	185	173	0	0	0
LIDC-IDRI-0052	150	188	181	0	0	0
LIDC-IDRI-0052	161	168	173	0	0	0
LIDC-IDRI-0052	236	168	310	1	1	5
LIDC-IDRI-0053	75	413	241	1	1	4
LIDC-IDRI-0054	48	402	289	1	1	4
LIDC-IDRI-0055	17	186	291	1	1	4
LIDC-IDRI-0056	151	335	333	0	0	0
LIDC-IDRI-0056	165	305	304	1	1	3
LIDC-IDRI-0056	171	200	169	0	0	0
LIDC-IDRI-0056	81	198	324	0	0	0
LIDC-IDRI-0057	83	343	348	1	1	5
LIDC-IDRI-0058	27	370	329	1	1	4
LIDC-IDRI-0058	84	330	390	0	0	0
LIDC-IDRI-0058	89	328	388	0	0	0
LIDC-IDRI-0059	32	324	382	1	1	4
LIDC-IDRI-0060	37	388	251	1	1	5
LIDC-IDRI-0060	44	266	159	0	0	0
LIDC-IDRI-0060	45	181	213	0	0	0
LIDC-IDRI-0060	46	160	195	0	0	0
LIDC-IDRI-0060	46	168	196	0	0	0
LIDC-IDRI-0060	51	160	200	0	0	0
LIDC-IDRI-0060	55	188	190	0	0	0
LIDC-IDRI-0060	59	155	296	0	0	0
LIDC-IDRI-0060	62	341	171	0	0	0
LIDC-IDRI-0060	64	343	156	0	0	0
LIDC-IDRI-0063	43	219	301	1	1	5
LIDC-IDRI-0064	22	196	308	1	1	4
LIDC-IDRI-0065	108	320	198	0	0	0
LIDC-IDRI-0065	147	295	376	1	1	3
LIDC-IDRI-0065	99	365	181	0	0	0
LIDC-IDRI-0068	20	197	265	0	0	0
LIDC-IDRI-0069	96	168	369	1	1	3
LIDC-IDRI-0070	54	376	227	1	1	3
LIDC-IDRI-0071	185	211	153	0	0	0
LIDC-IDRI-0071	68	301	321	0	0	0
LIDC-IDRI-0071	74	213	328	0	0	0
LIDC-IDRI-0072	169	203	144	0	0	0
LIDC-IDRI-0072	49	177	267	1	1	5
LIDC-IDRI-0073	21	339	270	1	1	4
LIDC-IDRI-0073	71	182	352	0	0	0
LIDC-IDRI-0073	75	306	330	1	1	1
LIDC-IDRI-0074	12	319	308	0	0	0
LIDC-IDRI-0074	29	180	241	1	1	4
LIDC-IDRI-0074	64	212	176	0	0	0
LIDC-IDRI-0075	106	160	188	0	0	0
LIDC-IDRI-0075	136	190	185	0	0	0
LIDC-IDRI-0075	146	237	156	0	0	0
LIDC-IDRI-0075	158	313	368	0	0	0
LIDC-IDRI-0075	164	220	167	0	0	0
LIDC-IDRI-0075	200	354	357	0	0	0
LIDC-IDRI-0075	206	357	357	0	0	0
LIDC-IDRI-0075	64	207	344	0	0	0
LIDC-IDRI-0075	70	217	338	0	0	0
LIDC-IDRI-0075	78	188	336	0	0	0
LIDC-IDRI-0075	97	184	319	1	1	5
LIDC-IDRI-0076	166	88	289	1	1	3
LIDC-IDRI-0076	47	311	325	0	0	0
LIDC-IDRI-0078	19	341	245	1	1	4
LIDC-IDRI-0079	44	361	386	1	1	3
LIDC-IDRI-0081	28	136	328	1	1	4
LIDC-IDRI-0081	49	225	328	0	0	0
LIDC-IDRI-0081	8	330	315	0	0	0
LIDC-IDRI-0084	127	80	165	1	1	1
LIDC-IDRI-0084	129	150	405	0	0	0
LIDC-IDRI-0084	132	193	155	0	0	0
LIDC-IDRI-0084	50	88	302	1	1	3
LIDC-IDRI-0084	76	382	302	0	0	0
LIDC-IDRI-0084	87	181	193	0	0	0
LIDC-IDRI-0085	85	233	315	1	1	2
LIDC-IDRI-0086	146	429	286	1	1	3
LIDC-IDRI-0087	24	187	242	1	1	5
LIDC-IDRI-0087	28	191	210	0	0	0
LIDC-IDRI-0087	37	211	202	0	0	0
LIDC-IDRI-0087	38	209	220	0	0	0
LIDC-IDRI-0087	40	208	200	0	0	0
LIDC-IDRI-0087	42	217	206	0	0	0
LIDC-IDRI-0088	102	331	369	0	0	0
LIDC-IDRI-0088	102	356	372	0	0	0
LIDC-IDRI-0088	103	365	372	0	0	0
LIDC-IDRI-0088	104	361	194	0	0	0
LIDC-IDRI-0088	116	367	195	0	0	0
LIDC-IDRI-0088	135	392	360	0	0	0
LIDC-IDRI-0088	59	400	313	1	1	2
LIDC-IDRI-0088	87	155	271	1	1	1
LIDC-IDRI-0090	10	346	349	0	0	0
LIDC-IDRI-0090	33	119	284	1	1	3
LIDC-IDRI-0090	35	207	312	0	0	0
LIDC-IDRI-0090	38	271	200	0	0	0
LIDC-IDRI-0090	6	319	325	0	0	0
LIDC-IDRI-0094	82	147	279	1	1	4
LIDC-IDRI-0095	136	365	234	1	1	4
LIDC-IDRI-0096	18	218	339	1	1	3
LIDC-IDRI-0097	131	142	163	0	0	0
LIDC-IDRI-0097	132	148	279	1	1	3
LIDC-IDRI-0097	138	154	142	0	0	0
LIDC-IDRI-0097	143	163	144	0	0	0
LIDC-IDRI-0097	146	171	143	0	0	0
LIDC-IDRI-0101	81	49	310	1	1	2
LIDC-IDRI-0102	100	438	338	1	1	3
LIDC-IDRI-0103	42	419	358	1	1	3
LIDC-IDRI-0104	68	150	222	1	1	4
LIDC-IDRI-0105	32	233	298	1	1	3
LIDC-IDRI-0105	35	286	210	0	0	0
LIDC-IDRI-0105	36	194	178	0	0	0
LIDC-IDRI-0105	36	285	188	0	0	0
LIDC-IDRI-0105	36	306	368	0	0	0
LIDC-IDRI-0106	78	99	229	1	1	1
LIDC-IDRI-0106	79	142	188	1	1	1
LIDC-IDRI-0106	90	96	405	1	1	3
LIDC-IDRI-0107	46	137	346	1	1	3
LIDC-IDRI-0108	99	140	180	1	1	5
LIDC-IDRI-0109	113	337	368	1	1	3
LIDC-IDRI-0110	77	95	378	1	1	3
LIDC-IDRI-0113	104	345	316	1	1	3
LIDC-IDRI-0113	29	236	297	0	0	0
LIDC-IDRI-0113	41	216	344	0	0	0
LIDC-IDRI-0113	45	208	187	0	0	0
LIDC-IDRI-0113	46	212	195	0	0	0
LIDC-IDRI-0113	53	184	184	0	0	0
LIDC-IDRI-0114	90	125	281	1	1	3
LIDC-IDRI-0116	32	158	234	1	1	5
LIDC-IDRI-0117	50	312	314	0	0	0
LIDC-IDRI-0117	56	339	290	0	0	0
LIDC-IDRI-0117	60	359	346	0	0	0
LIDC-IDRI-0117	63	346	350	1	1	3
LIDC-IDRI-0117	79	210	140	0	0	0
LIDC-IDRI-0118	106	222	313	1	1	1
LIDC-IDRI-0118	108	379	245	1	1	1
LIDC-IDRI-0118	123	392	275	1	1	1
LIDC-IDRI-0118	171	204	222	1	1	1
LIDC-IDRI-0118	196	205	335	1	1	1
LIDC-IDRI-0118	198	133	336	1	1	1
LIDC-IDRI-0120	34	235	292	1	1	4
LIDC-IDRI-0121	116	287	166	1	1	4
LIDC-IDRI-0122	77	163	146	0	0	0
LIDC-IDRI-0122	86	110	347	1	1	3
LIDC-IDRI-0123	69	366	340	1	1	3
LIDC-IDRI-0124	59	231	305	1	1	3
LIDC-IDRI-0124	70	282	284	0	0	0
LIDC-IDRI-0127	43	367	353	1	1	2
LIDC-IDRI-0128	84	303	315	1	1	3
LIDC-IDRI-0129	147	406	219	1	1	2
LIDC-IDRI-0130	183	365	305	1	1	2
LIDC-IDRI-0132	27	414	368	1	1	4
LIDC-IDRI-0133	137	179	362	1	1	3
LIDC-IDRI-0133	144	150	177	0	0	0
LIDC-IDRI-0133	147	156	171	0	0	0
LIDC-IDRI-0133	161	342	350	0	0	0
LIDC-IDRI-0133	86	174	353	0	0	0
LIDC-IDRI-0135	48	349	178	0	0	0
LIDC-IDRI-0136	10	316	296	0	0	0
LIDC-IDRI-0136	20	187	292	0	0	0
LIDC-IDRI-0136	24	289	317	0	0	0
LIDC-IDRI-0136	26	175	233	0	0	0
LIDC-IDRI-0136	29	204	210	0	0	0
LIDC-IDRI-0136	46	181	341	0	0	0
LIDC-IDRI-0136	50	197	312	0	0	0
LIDC-IDRI-0136	50	331	315	0	0	0
LIDC-IDRI-0136	52	311	325	0	0	0
LIDC-IDRI-0136	55	319	318	0	0	0
LIDC-IDRI-0136	56	316	340	0	0	0
LIDC-IDRI-0136	58	307	316	0	0	0
LIDC-IDRI-0136	60	295	339	0	0	0
LIDC-IDRI-0136	9	307	295	0	0	0
LIDC-IDRI-0139	37	183	195	0	0	0
LIDC-IDRI-0139	54	193	164	0	0	0
LIDC-IDRI-0139	60	363	270	0	0	0
LIDC-IDRI-0139	71	158	317	0	0	0
LIDC-IDRI-0139	71	303	371	1	1	4
LIDC-IDRI-0140	130	232	326	0	0	0
LIDC-IDRI-0140	137	212	361	0	0	0
LIDC-IDRI-0140	140	191	390	0	0	0
LIDC-IDRI-0140	173	117	169	0	0	0
LIDC-IDRI-0140	195	290	125	0	0	0
LIDC-IDRI-0140	201	125	155	0	0	0
LIDC-IDRI-0140	203	402	118	0	0	0
LIDC-IDRI-0140	213	367	117	0	0	0
LIDC-IDRI-0140	272	173	175	0	0	0
LIDC-IDRI-0140	302	96	204	1	1	3
LIDC-IDRI-0141	193	119	194	1	1	3
LIDC-IDRI-0142	131	98	217	1	1	3
LIDC-IDRI-0142	235	161	352	1	1	1
LIDC-IDRI-0146	137	190	282	1	1	3
LIDC-IDRI-0148	48	167	341	1	1	5
LIDC-IDRI-0150	13	154	291	1	1	2
LIDC-IDRI-0150	6	287	294	0	0	0
LIDC-IDRI-0150	6	313	297	0	0	0
LIDC-IDRI-0150	62	355	118	0	0	0
LIDC-IDRI-0150	63	187	147	0	0	0
LIDC-IDRI-0150	64	143	408	0	0	0
LIDC-IDRI-0150	70	355	404	0	0	0
LIDC-IDRI-0150	73	381	186	0	0	0
LIDC-IDRI-0150	9	305	328	0	0	0
LIDC-IDRI-0151	41	409	301	1	1	4
LIDC-IDRI-0152	76	216	198	1	1	3
LIDC-IDRI-0153	56	216	209	1	1	4
LIDC-IDRI-0154	58	112	189	0	0	0
LIDC-IDRI-0154	59	346	112	0	0	0
LIDC-IDRI-0154	71	461	266	1	1	4
LIDC-IDRI-0154	74	324	323	0	0	0
LIDC-IDRI-0154	76	151	157	0	0	0
LIDC-IDRI-0155	111	344	365	0	0	0
LIDC-IDRI-0155	114	362	318	0	0	0
LIDC-IDRI-0155	171	165	239	1	1	3
LIDC-IDRI-0155	73	350	362	0	0	0
LIDC-IDRI-0155	79	345	356	0	0	0
LIDC-IDRI-0156	36	370	173	1	1	4
LIDC-IDRI-0157	78	413	311	1	1	2
LIDC-IDRI-0158	423	120	285	1	1	3
LIDC-IDRI-0158	512	247	234	1	1	1
LIDC-IDRI-0162	55	149	212	1	1	3
LIDC-IDRI-0164	106	209	357	0	0	0
LIDC-IDRI-0164	107	212	362	0	0	0
LIDC-IDRI-0164	134	310	175	0	0	0
LIDC-IDRI-0164	75	309	350	0	0	0
LIDC-IDRI-0164	86	238	303	1	1	3
LIDC-IDRI-0169	119	370	371	1	1	4
LIDC-IDRI-0170	67	154	280	1	1	4
LIDC-IDRI-0173	13	345	340	0	0	0
LIDC-IDRI-0173	13	352	348	0	0	0
LIDC-IDRI-0173	35	375	383	0	0	0
LIDC-IDRI-0173	51	208	409	0	0	0
LIDC-IDRI-0173	69	84	354	1	1	2
LIDC-IDRI-0173	90	415	188	0	0	0
LIDC-IDRI-0173	95	353	362	0	0	0
LIDC-IDRI-0175	49	410	243	1	1	3
LIDC-IDRI-0176	167	124	306	1	1	1
LIDC-IDRI-0176	85	135	358	1	1	3
LIDC-IDRI-0177	45	134	337	1	1	3
LIDC-IDRI-0178	49	319	184	1	1	2
LIDC-IDRI-0180	106	199	345	0	0	0
LIDC-IDRI-0180	125	157	283	0	0	0
LIDC-IDRI-0180	129	154	286	0	0	0
LIDC-IDRI-0180	188	175	250	1	1	3
LIDC-IDRI-0180	79	219	325	0	0	0
LIDC-IDRI-0180	96	165	306	0	0	0
LIDC-IDRI-0181	40	325	300	1	1	3
LIDC-IDRI-0181	61	181	220	1	1	1
LIDC-IDRI-0182	12	311	297	0	0	0
LIDC-IDRI-0182	42	198	365	0	0	0
LIDC-IDRI-0182	45	198	323	0	0	0
LIDC-IDRI-0182	57	354	288	1	1	2
LIDC-IDRI-0183	27	167	344	1	1	4
LIDC-IDRI-0183	86	414	329	0	0	0
LIDC-IDRI-0183	90	355	390	0	0	0
LIDC-IDRI-0185	20	374	279	1	1	1
LIDC-IDRI-0185	68	133	178	1	1	2
LIDC-IDRI-0186	21	192	295	1	1	3
LIDC-IDRI-0186	25	168	181	0	0	0
LIDC-IDRI-0186	58	222	145	0	0	0
LIDC-IDRI-0186	58	350	124	0	0	0
LIDC-IDRI-0186	62	331	129	0	0	0
LIDC-IDRI-0186	62	339	125	1	1	1
LIDC-IDRI-0187	22	354	279	1	1	4
LIDC-IDRI-0188	54	189	434	1	1	4
LIDC-IDRI-0189	10	326	309	0	0	0
LIDC-IDRI-0189	63	209	400	0	0	0
LIDC-IDRI-0189	79	314	322	0	0	0
LIDC-IDRI-0189	83	301	323	0	0	0
LIDC-IDRI-0190	77	423	239	1	1	4
LIDC-IDRI-0191	43	204	356	0	0	0
LIDC-IDRI-0191	45	145	267	1	1	5
LIDC-IDRI-0191	56	294	383	0	0	0
LIDC-IDRI-0191	58	358	371	0	0	0
LIDC-IDRI-0191	67	202	205	0	0	0
LIDC-IDRI-0191	8	324	338	0	0	0
LIDC-IDRI-0192	118	148	352	1	1	3
LIDC-IDRI-0192	159	189	351	0	0	0
LIDC-IDRI-0193	52	172	163	1	1	2
LIDC-IDRI-0193	87	305	343	0	0	0
LIDC-IDRI-0193	91	153	362	0	0	0
LIDC-IDRI-0194	107	124	127	0	0	0
LIDC-IDRI-0194	11	333	312	0	0	0
LIDC-IDRI-0194	13	329	323	0	0	0
LIDC-IDRI-0194	43	331	212	1	1	4
LIDC-IDRI-0194	9	318	312	0	0	0
LIDC-IDRI-0200	57	126	193	1	1	3
LIDC-IDRI-0202	70	74	307	1	1	3
LIDC-IDRI-0203	31	315	217	1	1	4
LIDC-IDRI-0203	46	174	360	0	0	0
LIDC-IDRI-0203	73	197	151	0	0	0
LIDC-IDRI-0203	75	233	138	0	0	0
LIDC-IDRI-0203	96	155	169	0	0	0
LIDC-IDRI-0204	104	362	364	1	1	4
LIDC-IDRI-0204	88	171	158	0	0	0
LIDC-IDRI-0206	144	138	164	0	0	0
LIDC-IDRI-0206	88	129	239	1	1	4
LIDC-IDRI-0209	38	318	348	0	0	0
LIDC-IDRI-0209	39	214	365	0	0	0
LIDC-IDRI-0209	39	322	346	0	0	0
LIDC-IDRI-0209	53	316	366	0	0	0
LIDC-IDRI-0209	56	341	378	0	0	0
LIDC-IDRI-0209	61	184	331	0	0	0
LIDC-IDRI-0209	64	201	376	0	0	0
LIDC-IDRI-0209	95	178	374	1	1	4
LIDC-IDRI-0210	34	188	209	1	1	3
LIDC-IDRI-0211	78	367	365	1	1	5
LIDC-IDRI-0212	20	300	260	1	1	1
LIDC-IDRI-0213	36	126	332	1	1	1
LIDC-IDRI-0216	54	111	285	1	1	3
LIDC-IDRI-0217	101	212	320	1	1	4
LIDC-IDRI-0219	79	180	366	0	0	0
LIDC-IDRI-0219	81	182	278	1	1	4
LIDC-IDRI-0220	140	225	307	1	1	3
LIDC-IDRI-0221	35	380	258	1	1	5
LIDC-IDRI-0222	55	318	373	0	0	0
LIDC-IDRI-0222	77	182	392	0	0	0
LIDC-IDRI-0222	85	173	379	0	0	0
LIDC-IDRI-0223	113	297	180	0	0	0
LIDC-IDRI-0223	113	310	188	0	0	0
LIDC-IDRI-0223	114	316	188	0	0	0
LIDC-IDRI-0223	122	343	361	0	0	0
LIDC-IDRI-0223	144	332	363	0	0	0
LIDC-IDRI-0223	151	334	354	0	0	0
LIDC-IDRI-0223	45	303	297	0	0	0
LIDC-IDRI-0223	48	293	358	1	1	4
LIDC-IDRI-0224	55	232	168	0	0	0
LIDC-IDRI-0227	53	334	365	0	0	0
LIDC-IDRI-0227	59	168	367	0	0	0
LIDC-IDRI-0227	59	319	367	0	0	0
LIDC-IDRI-0227	59	344	368	0	0	0
LIDC-IDRI-0227	61	378	174	1	1	3
LIDC-IDRI-0228	18	381	269	1	1	4
LIDC-IDRI-0228	29	209	369	0	0	0
LIDC-IDRI-0228	70	150	395	0	0	0
LIDC-IDRI-0228	73	374	391	0	0	0
LIDC-IDRI-0228	75	129	391	0	0	0
LIDC-IDRI-0228	75	379	388	0	0	0
LIDC-IDRI-0229	31	189	355	1	1	4
LIDC-IDRI-0230	47	366	288	1	1	1
LIDC-IDRI-0230	53	180	178	1	1	3
LIDC-IDRI-0231	77	131	324	1	1	1
LIDC-IDRI-0233	20	320	368	0	0	0
LIDC-IDRI-0233	41	163	358	1	1	3
LIDC-IDRI-0241	193	79	207	1	1	3
LIDC-IDRI-0241	198	152	406	0	0	0
LIDC-IDRI-0241	205	209	188	0	0	0
LIDC-IDRI-0241	213	163	399	0	0	0
LIDC-IDRI-0241	229	386	373	0	0	0
LIDC-IDRI-0241	81	342	336	0	0	0
LIDC-IDRI-0242	41	390	320	1	1	5
LIDC-IDRI-0244	60	181	231	1	1	4
LIDC-IDRI-0245	56	133	384	1	1	3
LIDC-IDRI-0246	49	308	175	1	1	3
LIDC-IDRI-0247	44	151	280	1	1	3
LIDC-IDRI-0250	44	388	303	1	1	1
LIDC-IDRI-0250	46	364	352	1	1	4
LIDC-IDRI-0252	106	314	365	0	0	0
LIDC-IDRI-0252	57	201	229	1	1	4
LIDC-IDRI-0252	94	217	200	0	0	0
LIDC-IDRI-0255	43	393	209	1	1	3
LIDC-IDRI-0257	43	314	310	0	0	0
LIDC-IDRI-0257	44	322	307	0	0	0
LIDC-IDRI-0257	51	200	166	0	0	0
LIDC-IDRI-0257	64	200	342	1	1	4
LIDC-IDRI-0258	28	211	302	0	0	0
LIDC-IDRI-0258	41	379	358	1	1	3
LIDC-IDRI-0259	117	110	354	1	1	4
LIDC-IDRI-0260	54	367	369	0	0	0
LIDC-IDRI-0260	58	362	362	0	0	0
LIDC-IDRI-0260	96	126	318	1	1	4
LIDC-IDRI-0261	42	169	186	0	0	0
LIDC-IDRI-0261	49	223	191	0	0	0
LIDC-IDRI-0261	66	165	172	0	0	0
LIDC-IDRI-0261	74	374	218	0	0	0
LIDC-IDRI-0261	76	379	204	0	0	0
LIDC-IDRI-0262	86	106	259	1	1	4
LIDC-IDRI-0264	123	223	364	0	0	0
LIDC-IDRI-0264	126	168	361	1	1	3
LIDC-IDRI-0264	131	220	361	0	0	0
LIDC-IDRI-0264	146	156	244	0	0	0
LIDC-IDRI-0264	146	178	241	0	0	0
LIDC-IDRI-0265	27	212	319	1	1	5
LIDC-IDRI-0266	185	166	316	1	1	4
LIDC-IDRI-0267	100	154	337	1	1	5
LIDC-IDRI-0268	49	193	167	1	1	1
LIDC-IDRI-0275	79	126	370	1	1	2
LIDC-IDRI-0278	90	166	341	1	1	3
LIDC-IDRI-0283	35	310	266	1	1	3
LIDC-IDRI-0285	14	306	305	0	0	0
LIDC-IDRI-0285	30	289	245	0	0	0
LIDC-IDRI-0285	46	315	323	1	1	4
LIDC-IDRI-0285	65	327	179	0	0	0
LIDC-IDRI-0286	44	351	221	1	1	3
LIDC-IDRI-0286	98	376	279	1	1	1
LIDC-IDRI-0287	10	313	307	0	0	0
LIDC-IDRI-0287	31	209	250	1	1	2
LIDC-IDRI-0288	80	327	366	1	1	3
LIDC-IDRI-0290	26	153	359	1	1	2
LIDC-IDRI-0290	80	197	204	0	0	0
LIDC-IDRI-0290	82	194	204	0	0	0
LIDC-IDRI-0291	100	223	171	0	0	0
LIDC-IDRI-0291	108	173	166	0	0	0
LIDC-IDRI-0291	122	193	346	0	0	0
LIDC-IDRI-0291	188	180	286	1	1	2
LIDC-IDRI-0291	35	299	215	0	0	0
LIDC-IDRI-0292	274	140	122	0	0	0
LIDC-IDRI-0292	301	413	347	1	1	3
LIDC-IDRI-0292	419	370	348	0	0	0
LIDC-IDRI-0294	71	314	205	1	1	4
LIDC-IDRI-0296	51	106	328	1	1	3
LIDC-IDRI-0298	37	375	289	1	1	3
LIDC-IDRI-0299	108	306	352	0	0	0
LIDC-IDRI-0299	112	295	337	0	0	0
LIDC-IDRI-0299	112	337	351	0	0	0
LIDC-IDRI-0299	97	306	341	0	0	0
LIDC-IDRI-0301	296	173	177	1	1	3
LIDC-IDRI-0301	367	194	155	0	0	0
LIDC-IDRI-0301	50	318	312	0	0	0
LIDC-IDRI-0301	64	288	317	0	0	0
LIDC-IDRI-0302	190	183	361	1	1	3
LIDC-IDRI-0303	67	161	352	1	1	4
LIDC-IDRI-0304	49	397	353	1	1	4
LIDC-IDRI-0305	24	167	311	1	1	4
LIDC-IDRI-0305	37	319	201	0	0	0
LIDC-IDRI-0308	214	333	373	0	0	0
LIDC-IDRI-0308	225	119	363	0	0	0
LIDC-IDRI-0308	258	146	384	0	0	0
LIDC-IDRI-0308	283	410	216	1	1	3
LIDC-IDRI-0308	296	187	389	0	0	0
LIDC-IDRI-0308	301	153	394	0	0	0
LIDC-IDRI-0308	322	195	382	0	0	0
LIDC-IDRI-0309	35	129	207	1	1	4
LIDC-IDRI-0310	89	161	401	1	1	3
LIDC-IDRI-0311	72	338	287	1	1	5
LIDC-IDRI-0312	178	420	391	1	1	4
LIDC-IDRI-0313	73	379	224	1	1	5
LIDC-IDRI-0314	111	215	218	0	0	0
LIDC-IDRI-0314	116	184	244	1	1	3
LIDC-IDRI-0314	167	178	234	0	0	0
LIDC-IDRI-0314	64	215	338	0	0	0
LIDC-IDRI-0315	17	300	324	1	1	3
LIDC-IDRI-0317	15	378	257	1	1	2
LIDC-IDRI-0319	154	458	229	1	1	3
LIDC-IDRI-0321	100	301	179	0	0	0
LIDC-IDRI-0321	104	304	173	0	0	0
LIDC-IDRI-0321	105	220	187	0	0	0
LIDC-IDRI-0321	106	234	180	0	0	0
LIDC-IDRI-0321	123	352	203	0	0	0
LIDC-IDRI-0321	124	366	179	0	0	0
LIDC-IDRI-0321	130	352	199	0	0	0
LIDC-IDRI-0321	136	350	180	0	0	0
LIDC-IDRI-0321	144	225	180	0	0	0
LIDC-IDRI-0321	178	367	391	0	0	0
LIDC-IDRI-0321	25	297	306	0	0	0
LIDC-IDRI-0321	37	220	340	0	0	0
LIDC-IDRI-0321	58	273	204	0	0	0
LIDC-IDRI-0321	82	362	275	1	1	1
LIDC-IDRI-0321	84	274	182	0	0	0
LIDC-IDRI-0321	87	405	292	1	1	2
LIDC-IDRI-0321	92	225	201	0	0	0
LIDC-IDRI-0321	94	382	297	1	1	1
LIDC-IDRI-0322	24	346	169	0	0	0
LIDC-IDRI-0322	32	358	147	0	0	0
LIDC-IDRI-0322	61	326	405	0	0	0
LIDC-IDRI-0322	77	110	386	0	0	0
LIDC-IDRI-0322	77	156	404	0	0	0
LIDC-IDRI-0322	96	309	311	0	0	0
LIDC-IDRI-0323	40	221	351	1	1	3
LIDC-IDRI-0324	36	351	333	1	1	2
LIDC-IDRI-0325	109	414	276	0	0	0
LIDC-IDRI-0325	128	167	366	1	1	4
LIDC-IDRI-0325	169	416	251	0	0	0
LIDC-IDRI-0325	185	140	183	0	0	0
LIDC-IDRI-0325	186	416	273	0	0	0
LIDC-IDRI-0325	193	163	171	0	0	0
LIDC-IDRI-0326	105	293	135	0	0	0
LIDC-IDRI-0326	171	419	297	1	1	3
LIDC-IDRI-0328	194	439	207	1	1	3
LIDC-IDRI-0329	42	155	222	1	1	3
LIDC-IDRI-0329	74	211	107	0	0	0
LIDC-IDRI-0329	75	230	112	0	0	0
LIDC-IDRI-0332	136	117	251	1	1	5
LIDC-IDRI-0333	154	206	158	0	0	0
LIDC-IDRI-0333	161	214	149	0	0	0
LIDC-IDRI-0333	162	151	148	0	0	0
LIDC-IDRI-0333	34	228	322	0	0	0
LIDC-IDRI-0333	63	214	357	0	0	0
LIDC-IDRI-0333	64	190	366	0	0	0
LIDC-IDRI-0334	13	309	324	0	0	0
LIDC-IDRI-0334	13	323	327	0	0	0
LIDC-IDRI-0334	23	144	320	1	1	3
LIDC-IDRI-0334	34	190	358	0	0	0
LIDC-IDRI-0334	58	156	395	0	0	0
LIDC-IDRI-0336	57	315	162	0	0	0
LIDC-IDRI-0336	71	156	139	0	0	0
LIDC-IDRI-0336	72	166	139	0	0	0
LIDC-IDRI-0336	80	372	167	0	0	0
LIDC-IDRI-0336	82	378	165	0	0	0
LIDC-IDRI-0336	98	347	341	0	0	0
LIDC-IDRI-0338	138	113	337	1	1	3
LIDC-IDRI-0339	51	389	271	1	1	3
LIDC-IDRI-0340	353	400	338	1	1	2
LIDC-IDRI-0341	108	389	331	0	0	0
LIDC-IDRI-0341	137	367	145	0	0	0
LIDC-IDRI-0341	140	351	355	0	0	0
LIDC-IDRI-0341	143	347	371	0	0	0
LIDC-IDRI-0341	143	425	271	1	1	3
LIDC-IDRI-0341	172	306	297	0	0	0
LIDC-IDRI-0341	179	346	377	0	0	0
LIDC-IDRI-0341	95	291	160	0	0	0
LIDC-IDRI-0345	129	79	280	1	1	2
LIDC-IDRI-0346	30	141	380	1	1	1
LIDC-IDRI-0346	43	222	337	1	1	1
LIDC-IDRI-0346	53	309	391	1	1	3
LIDC-IDRI-0346	63	380	389	1	1	1
LIDC-IDRI-0347	61	108	322	1	1	4
LIDC-IDRI-0348	40	350	237	1	1	4
LIDC-IDRI-0350	120	173	411	0	0	0
LIDC-IDRI-0350	175	172	127	0	0	0
LIDC-IDRI-0350	21	279	323	0	0	0
LIDC-IDRI-0350	64	198	384	0	0	0
LIDC-IDRI-0350	67	392	361	0	0	0
LIDC-IDRI-0350	84	94	176	1	1	3
LIDC-IDRI-0350	9	321	333	0	0	0
LIDC-IDRI-0353	150	311	165	0	0	0
LIDC-IDRI-0353	153	144	176	1	1	3
LIDC-IDRI-0353	181	213	170	0	0	0
LIDC-IDRI-0353	197	183	385	0	0	0
LIDC-IDRI-0353	198	188	392	0	0	0
LIDC-IDRI-0354	40	116	264	1	1	3
LIDC-IDRI-0354	53	80	338	1	1	1
LIDC-IDRI-0355	64	397	198	1	1	4
LIDC-IDRI-0356	133	451	339	1	1	3
LIDC-IDRI-0358	180	359	123	1	1	2
LIDC-IDRI-0358	252	182	303	1	1	1
LIDC-IDRI-0360	125	167	191	0	0	0
LIDC-IDRI-0360	57	213	283	1	1	3
LIDC-IDRI-0362	38	113	296	1	1	5
LIDC-IDRI-0366	38	157	348	1	1	4
LIDC-IDRI-0366	68	140	164	0	0	0
LIDC-IDRI-0368	23	203	261	1	1	3
LIDC-IDRI-0368	31	180	170	0	0	0
LIDC-IDRI-0368	35	186	129	0	0	0
LIDC-IDRI-0368	45	392	320	1	1	1
LIDC-IDRI-0368	49	398	281	1	1	1
LIDC-IDRI-0368	60	101	150	0	0	0
LIDC-IDRI-0368	79	186	142	0	0	0
LIDC-IDRI-0370	134	338	151	0	0	0
LIDC-IDRI-0370	210	155	351	0	0	0
LIDC-IDRI-0370	219	210	156	0	0	0
LIDC-IDRI-0370	287	135	119	1	1	3
LIDC-IDRI-0370	332	366	377	0	0	0
LIDC-IDRI-0370	343	360	378	0	0	0
LIDC-IDRI-0371	360	463	302	1	1	2
LIDC-IDRI-0372	130	203	160	0	0	0
LIDC-IDRI-0372	130	222	169	0	0	0
LIDC-IDRI-0372	147	208	178	0	0	0
LIDC-IDRI-0372	169	420	260	1	1	3
LIDC-IDRI-0372	200	183	356	1	1	1
LIDC-IDRI-0374	109	178	193	1	1	3
LIDC-IDRI-0375	210	364	359	0	0	0
LIDC-IDRI-0375	221	174	181	1	1	3
LIDC-IDRI-0375	237	157	183	1	1	1
LIDC-IDRI-0375	316	212	174	0	0	0
LIDC-IDRI-0375	340	183	156	0	0	0
LIDC-IDRI-0376	229	150	358	0	0	0
LIDC-IDRI-0376	249	164	360	0	0	0
LIDC-IDRI-0376	359	131	376	0	0	0
LIDC-IDRI-0376	381	129	141	1	1	2
LIDC-IDRI-0377	85	382	309	1	1	5
LIDC-IDRI-0378	11	285	307	0	0	0
LIDC-IDRI-0378	11	308	323	0	0	0
LIDC-IDRI-0378	27	379	363	0	0	0
LIDC-IDRI-0378	56	318	108	0	0	0
LIDC-IDRI-0378	56	342	112	0	0	0
LIDC-IDRI-0378	59	318	101	0	0	0
LIDC-IDRI-0378	63	107	165	0	0	0
LIDC-IDRI-0378	65	95	315	1	1	3
LIDC-IDRI-0378	67	131	154	0	0	0
LIDC-IDRI-0378	73	111	376	0	0	0
LIDC-IDRI-0378	9	306	299	0	0	0
LIDC-IDRI-0379	41	200	169	0	0	0
LIDC-IDRI-0379	57	331	403	1	1	3
LIDC-IDRI-0379	62	402	331	1	1	1
LIDC-IDRI-0380	84	93	286	1	1	3
LIDC-IDRI-0381	23	422	337	1	1	3
LIDC-IDRI-0385	103	379	342	1	1	4
LIDC-IDRI-0385	291	221	127	0	0	0
LIDC-IDRI-0385	42	308	306	0	0	0
LIDC-IDRI-0385	53	313	290	0	0	0
LIDC-IDRI-0385	59	313	289	0	0	0
LIDC-IDRI-0390	35	191	179	1	1	1
LIDC-IDRI-0390	38	133	361	1	1	1
LIDC-IDRI-0390	41	103	337	1	1	1
LIDC-IDRI-0390	50	165	266	1	1	1
LIDC-IDRI-0390	63	192	339	1	1	1
LIDC-IDRI-0390	64	159	243	1	1	1
LIDC-IDRI-0390	74	409	208	1	1	1
LIDC-IDRI-0391	104	388	127	0	0	0
LIDC-IDRI-0392	181	321	357	0	0	0
LIDC-IDRI-0392	41	405	327	1	1	3
LIDC-IDRI-0393	106	299	401	0	0	0
LIDC-IDRI-0393	109	192	164	0	0	0
LIDC-IDRI-0393	156	295	398	0	0	0
LIDC-IDRI-0393	185	306	365	1	1	2
LIDC-IDRI-0393	64	208	368	0	0	0
LIDC-IDRI-0395	75	96	382	1	1	3
LIDC-IDRI-0396	56	320	328	1	1	3
LIDC-IDRI-0396	65	156	333	1	1	1
LIDC-IDRI-0397	92	121	259	1	1	3
LIDC-IDRI-0398	62	187	330	1	1	4
LIDC-IDRI-0399	116	175	158	1	1	2
LIDC-IDRI-0400	126	468	240	1	1	3
LIDC-IDRI-0402	191	126	326	1	1	3
LIDC-IDRI-0403	182	151	429	1	1	1
LIDC-IDRI-0404	121	318	352	1	1	4
LIDC-IDRI-0405	127	412	276	1	1	1
LIDC-IDRI-0405	172	128	199	1	1	3
LIDC-IDRI-0407	87	229	186	1	1	4
LIDC-IDRI-0409	64	173	211	1	1	3
LIDC-IDRI-0410	44	297	155	0	0	0
LIDC-IDRI-0410	59	220	167	0	0	0
LIDC-IDRI-0410	63	200	192	0	0	0
LIDC-IDRI-0410	73	208	191	0	0	0
LIDC-IDRI-0411	320	218	171	0	0	0
LIDC-IDRI-0411	330	164	152	1	1	3
LIDC-IDRI-0411	337	161	387	0	0	0
LIDC-IDRI-0411	337	161	389	0	0	0
LIDC-IDRI-0411	343	356	382	0	0	0
LIDC-IDRI-0411	343	357	382	0	0	0
LIDC-IDRI-0411	344	208	182	0	0	0
LIDC-IDRI-0411	345	164	386	0	0	0
LIDC-IDRI-0411	354	205	182	0	0	0
LIDC-IDRI-0411	96	285	277	0	0	0
LIDC-IDRI-0411	96	287	276	0	0	0
LIDC-IDRI-0413	119	186	149	0	0	0
LIDC-IDRI-0413	131	338	349	0	0	0
LIDC-IDRI-0413	79	208	145	0	0	0
LIDC-IDRI-0413	82	298	148	0	0	0
LIDC-IDRI-0413	95	144	159	0	0	0
LIDC-IDRI-0414	56	205	263	1	1	4
LIDC-IDRI-0415	85	118	295	1	1	3
LIDC-IDRI-0416	38	178	403	1	1	3
LIDC-IDRI-0419	60	153	128	1	1	3
LIDC-IDRI-0420	102	146	78	1	1	4
LIDC-IDRI-0422	101	357	337	0	0	0
LIDC-IDRI-0422	184	206	212	0	0	0
LIDC-IDRI-0422	186	219	224	0	0	0
LIDC-IDRI-0422	37	303	202	0	0	0
LIDC-IDRI-0422	47	346	197	0	0	0
LIDC-IDRI-0422	59	341	207	0	0	0
LIDC-IDRI-0422	64	342	210	0	0	0
LIDC-IDRI-0423	111	361	165	1	1	4
LIDC-IDRI-0424	37	393	298	1	1	3
LIDC-IDRI-0426	68	410	273	1	1	1
LIDC-IDRI-0427	281	132	103	1	1	2
LIDC-IDRI-0427	290	139	159	1	1	1
LIDC-IDRI-0427	74	287	177	1	1	1
LIDC-IDRI-0430	271	388	377	1	1	3
LIDC-IDRI-0431	108	360	185	0	0	0
LIDC-IDRI-0431	66	165	170	0	0	0
LIDC-IDRI-0431	9	290	303	0	0	0
LIDC-IDRI-0431	94	328	398	1	1	2
LIDC-IDRI-0431	98	339	165	0	0	0
LIDC-IDRI-0433	212	188	417	1	1	3
LIDC-IDRI-0435	50	202	422	1	1	3
LIDC-IDRI-0435	65	91	387	1	1	1
LIDC-IDRI-0436	31	231	193	1	1	1
LIDC-IDRI-0436	51	119	209	1	1	4
LIDC-IDRI-0437	170	354	190	1	1	3
LIDC-IDRI-0437	253	395	325	1	1	1
LIDC-IDRI-0437	343	184	339	1	1	1
LIDC-IDRI-0438	147	366	264	1	1	3
LIDC-IDRI-0438	255	313	127	0	0	0
LIDC-IDRI-0438	265	306	125	0	0	0
LIDC-IDRI-0438	309	338	119	0	0	0
LIDC-IDRI-0438	365	198	139	0	0	0
LIDC-IDRI-0438	475	398	117	0	0	0
LIDC-IDRI-0440	152	315	147	0	0	0
LIDC-IDRI-0440	156	304	156	1	1	1
LIDC-IDRI-0440	205	349	141	0	0	0
LIDC-IDRI-0440	231	360	140	0	0	0
LIDC-IDRI-0440	67	283	234	1	1	2
LIDC-IDRI-0440	87	273	264	0	0	0
LIDC-IDRI-0442	52	162	189	1	1	3
LIDC-IDRI-0443	159	181	313	0	0	0
LIDC-IDRI-0443	208	122	193	0	0	0
LIDC-IDRI-0443	272	357	153	0	0	0
LIDC-IDRI-0443	276	313	138	0	0	0
LIDC-IDRI-0443	278	338	147	0	0	0
LIDC-IDRI-0443	282	336	145	0	0	0
LIDC-IDRI-0443	313	249	133	0	0	0
LIDC-IDRI-0443	343	365	345	1	1	2
LIDC-IDRI-0443	362	359	140	0	0	0
LIDC-IDRI-0443	73	207	307	0	0	0
LIDC-IDRI-0443	76	187	168	0	0	0
LIDC-IDRI-0444	86	99	262	1	1	2
LIDC-IDRI-0445	59	407	276	1	1	3
LIDC-IDRI-0447	104	408	337	1	1	2
LIDC-IDRI-0447	91	411	199	1	1	1
LIDC-IDRI-0448	325	69	263	1	1	3
LIDC-IDRI-0449	37	356	191	0	0	0
LIDC-IDRI-0449	41	221	207	0	0	0
LIDC-IDRI-0449	57	87	215	1	1	2
LIDC-IDRI-0449	70	324	393	0	0	0
LIDC-IDRI-0449	72	162	410	0	0	0
LIDC-IDRI-0449	74	389	152	0	0	0
LIDC-IDRI-0449	9	304	326	0	0	0
LIDC-IDRI-0450	125	221	359	0	0	0
LIDC-IDRI-0450	66	203	132	0	0	0
LIDC-IDRI-0450	98	367	128	1	1	3
LIDC-IDRI-0451	67	218	372	1	1	3
LIDC-IDRI-0454	163	162	259	0	0	0
LIDC-IDRI-0454	173	200	359	0	0	0
LIDC-IDRI-0454	176	204	350	0	0	0
LIDC-IDRI-0454	52	210	344	0	0	0
LIDC-IDRI-0454	68	224	393	0	0	0
LIDC-IDRI-0456	199	183	185	1	1	1
LIDC-IDRI-0456	283	69	218	1	1	3
LIDC-IDRI-0456	313	456	183	1	1	1
LIDC-IDRI-0457	108	144	163	1	1	4
LIDC-IDRI-0458	123	441	276	1	1	4
LIDC-IDRI-0461	112	150	288	1	1	1
LIDC-IDRI-0461	149	90	317	1	1	1
LIDC-IDRI-0461	86	102	272	1	1	1
LIDC-IDRI-0462	267	112	308	1	1	4
LIDC-IDRI-0465	27	354	198	0	0	0
LIDC-IDRI-0465	42	370	177	0	0	0
LIDC-IDRI-0465	61	300	152	0	0	0
LIDC-IDRI-0465	74	136	394	0	0	0
LIDC-IDRI-0466	123	272	151	0	0	0
LIDC-IDRI-0466	134	208	227	1	1	5
LIDC-IDRI-0466	156	169	393	0	0	0
LIDC-IDRI-0466	163	184	165	0	0	0
LIDC-IDRI-0466	164	174	161	0	0	0
LIDC-IDRI-0466	168	327	312	0	0	0
LIDC-IDRI-0467	223	405	321	1	1	2
LIDC-IDRI-0468	114	246	207	0	0	0
LIDC-IDRI-0468	199	359	321	0	0	0
LIDC-IDRI-0468	81	207	418	1	1	3
LIDC-IDRI-0469	62	314	340	1	1	2
LIDC-IDRI-0471	104	313	391	0	0	0
LIDC-IDRI-0471	105	177	376	0	0	0
LIDC-IDRI-0471	107	324	379	0	0	0
LIDC-IDRI-0471	60	318	404	1	1	2
LIDC-IDRI-0471	84	171	401	0	0	0
LIDC-IDRI-0474	20	381	290	1	1	3
LIDC-IDRI-0474	84	315	334	1	1	1
LIDC-IDRI-0477	104	157	391	0	0	0
LIDC-IDRI-0477	167	185	135	0	0	0
LIDC-IDRI-0477	171	179	139	0	0	0
LIDC-IDRI-0477	70	117	250	1	1	4
LIDC-IDRI-0478	376	471	352	1	1	1
LIDC-IDRI-0479	119	131	182	1	1	3
LIDC-IDRI-0479	205	190	350	1	1	1
LIDC-IDRI-0480	84	100	303	1	1	3
LIDC-IDRI-0483	183	87	204	1	1	4
LIDC-IDRI-0485	177	365	341	0	0	0
LIDC-IDRI-0486	142	142	300	1	1	3
LIDC-IDRI-0487	239	181	77	0	0	0
LIDC-IDRI-0487	242	43	168	1	1	3
LIDC-IDRI-0488	149	260	157	0	0	0
LIDC-IDRI-0488	179	199	142	0	0	0
LIDC-IDRI-0488	216	220	140	0	0	0
LIDC-IDRI-0488	221	222	135	0	0	0
LIDC-IDRI-0488	61	123	287	1	1	4
LIDC-IDRI-0489	47	368	350	1	1	4
LIDC-IDRI-0490	282	357	233	1	1	4
LIDC-IDRI-0491	111	183	231	1	1	1
LIDC-IDRI-0491	129	317	407	0	0	0
LIDC-IDRI-0491	219	376	232	1	1	1
LIDC-IDRI-0491	222	305	187	1	1	1
LIDC-IDRI-0491	241	177	435	1	1	1
LIDC-IDRI-0491	266	163	163	0	0	0
LIDC-IDRI-0491	266	165	164	0	0	0
LIDC-IDRI-0491	281	116	380	1	1	1
LIDC-IDRI-0491	369	319	350	0	0	0
LIDC-IDRI-0491	375	436	201	1	1	1
LIDC-IDRI-0491	376	147	387	0	0	0
LIDC-IDRI-0491	39	341	322	0	0	0
LIDC-IDRI-0491	398	150	392	1	1	1
LIDC-IDRI-0491	422	82	227	1	1	1
LIDC-IDRI-0491	443	157	359	1	1	1
LIDC-IDRI-0491	47	350	309	0	0	0
LIDC-IDRI-0491	56	332	344	0	0	0
LIDC-IDRI-0491	60	307	361	0	0	0
LIDC-IDRI-0491	65	376	320	0	0	0
LIDC-IDRI-0491	69	352	364	0	0	0
LIDC-IDRI-0491	80	384	345	0	0	0
LIDC-IDRI-0491	84	340	381	0	0	0
LIDC-IDRI-0492	114	79	227	1	1	2
LIDC-IDRI-0492	160	140	246	1	1	1
LIDC-IDRI-0493	111	189	340	0	0	0
LIDC-IDRI-0493	125	182	359	0	0	0
LIDC-IDRI-0493	126	182	358	0	0	0
LIDC-IDRI-0493	156	227	299	1	1	4
LIDC-IDRI-0493	44	212	278	0	0	0
LIDC-IDRI-0493	47	210	276	0	0	0
LIDC-IDRI-0493	51	212	279	0	0	0
LIDC-IDRI-0494	45	184	396	1	1	2
LIDC-IDRI-0494	56	156	402	0	0	0
LIDC-IDRI-0494	56	177	400	0	0	0
LIDC-IDRI-0494	59	157	403	0	0	0
LIDC-IDRI-0494	65	174	402	0	0	0
LIDC-IDRI-0494	66	379	392	0	0	0
LIDC-IDRI-0494	72	158	401	0	0	0
LIDC-IDRI-0494	76	224	129	0	0	0
LIDC-IDRI-0494	76	351	395	0	0	0
LIDC-IDRI-0494	78	350	394	0	0	0
LIDC-IDRI-0494	79	153	396	0	0	0
LIDC-IDRI-0494	84	354	389	0	0	0
LIDC-IDRI-0494	85	114	135	0	0	0
LIDC-IDRI-0495	148	147	117	1	1	2
LIDC-IDRI-0496	102	203	383	0	0	0
LIDC-IDRI-0496	121	70	203	1	1	3
LIDC-IDRI-0496	136	357	152	0	0	0
LIDC-IDRI-0496	174	217	150	0	0	0
LIDC-IDRI-0496	186	128	125	0	0	0
LIDC-IDRI-0496	60	193	361	0	0	0
LIDC-IDRI-0499	66	187	348	1	1	3
LIDC-IDRI-0500	86	139	164	1	1	3
LIDC-IDRI-0502	10	330	323	0	0	0
LIDC-IDRI-0502	78	207	411	1	1	3
LIDC-IDRI-0503	87	123	214	1	1	3
LIDC-IDRI-0504	58	189	127	0	0	0
LIDC-IDRI-0504	61	137	128	1	1	3
LIDC-IDRI-0507	113	360	300	1	1	4
LIDC-IDRI-0509	13	227	323	1	1	3
LIDC-IDRI-0511	35	337	167	0	0	0
LIDC-IDRI-0511	67	228	154	0	0	0
LIDC-IDRI-0511	9	322	315	0	0	0
LIDC-IDRI-0512	11	330	343	0	0	0
LIDC-IDRI-0512	24	333	393	0	0	0
LIDC-IDRI-0512	33	296	178	0	0	0
LIDC-IDRI-0512	82	384	170	0	0	0
LIDC-IDRI-0512	84	398	162	0	0	0
LIDC-IDRI-0512	85	380	159	0	0	0
LIDC-IDRI-0512	86	404	158	0	0	0
LIDC-IDRI-0512	9	303	324	0	0	0
LIDC-IDRI-0513	44	330	339	0	0	0
LIDC-IDRI-0513	51	365	346	0	0	0
LIDC-IDRI-0515	110	208	357	1	1	4
LIDC-IDRI-0515	216	314	328	0	0	0
LIDC-IDRI-0516	6	315	320	0	0	0
LIDC-IDRI-0516	62	190	151	0	0	0
LIDC-IDRI-0516	8	331	341	0	0	0
LIDC-IDRI-0518	31	329	330	0	0	0
LIDC-IDRI-0518	76	394	371	1	1	3
LIDC-IDRI-0519	122	228	132	0	0	0
LIDC-IDRI-0519	153	361	208	0	0	0
LIDC-IDRI-0519	160	381	135	0	0	0
LIDC-IDRI-0520	111	208	327	1	1	1
LIDC-IDRI-0520	283	434	327	1	1	1
LIDC-IDRI-0520	302	230	139	0	0	0
LIDC-IDRI-0521	140	386	181	1	1	1
LIDC-IDRI-0521	161	415	181	1	1	4
LIDC-IDRI-0522	80	187	216	1	1	3
LIDC-IDRI-0523	112	395	225	1	1	3
LIDC-IDRI-0523	33	175	271	1	1	1
LIDC-IDRI-0523	76	372	204	0	0	0
LIDC-IDRI-0523	91	374	200	0	0	0
LIDC-IDRI-0524	101	199	400	0	0	0
LIDC-IDRI-0524	125	352	425	0	0	0
LIDC-IDRI-0524	166	135	171	1	1	2
LIDC-IDRI-0524	262	419	136	0	0	0
LIDC-IDRI-0524	271	170	140	0	0	0
LIDC-IDRI-0524	32	339	363	0	0	0
LIDC-IDRI-0524	59	333	389	0	0	0
LIDC-IDRI-0524	63	310	362	0	0	0
LIDC-IDRI-0525	100	131	287	1	1	4
LIDC-IDRI-0526	32	350	225	0	0	0
LIDC-IDRI-0526	45	187	179	1	1	3
LIDC-IDRI-0527	85	133	276	1	1	4
LIDC-IDRI-0529	263	283	153	0	0	0
LIDC-IDRI-0529	278	286	154	0	0	0
LIDC-IDRI-0529	292	313	155	0	0	0
LIDC-IDRI-0529	303	243	146	0	0	0
LIDC-IDRI-0529	329	229	150	0	0	0
LIDC-IDRI-0529	344	223	143	0	0	0
LIDC-IDRI-0529	40	307	311	0	0	0
LIDC-IDRI-0529	407	151	140	0	0	0
LIDC-IDRI-0529	444	151	131	0	0	0
LIDC-IDRI-0529	482	450	230	1	1	4
LIDC-IDRI-0530	97	91	194	1	1	3
LIDC-IDRI-0532	91	129	415	1	1	1
LIDC-IDRI-0533	37	369	335	1	1	3
LIDC-IDRI-0534	46	333	377	1	1	1
LIDC-IDRI-0534	73	172	392	1	1	2
LIDC-IDRI-0535	101	352	284	0	0	0
LIDC-IDRI-0535	107	116	328	1	1	1
LIDC-IDRI-0535	116	349	273	0	0	0
LIDC-IDRI-0535	132	146	336	1	1	3
LIDC-IDRI-0535	85	360	292	0	0	0
LIDC-IDRI-0536	179	349	147	0	0	0
LIDC-IDRI-0536	363	176	135	0	0	0
LIDC-IDRI-0536	373	134	374	0	0	0
LIDC-IDRI-0537	449	427	187	1	1	2
LIDC-IDRI-0538	166	307	366	1	1	3
LIDC-IDRI-0539	116	354	396	1	1	4
LIDC-IDRI-0541	46	131	378	1	1	1
LIDC-IDRI-0541	69	80	331	1	1	1
LIDC-IDRI-0542	233	106	344	1	1	1
LIDC-IDRI-0542	254	57	272	1	1	1
LIDC-IDRI-0542	331	470	249	1	1	1
LIDC-IDRI-0542	96	364	179	1	1	3
LIDC-IDRI-0543	97	413	311	1	1	4
LIDC-IDRI-0546	146	416	273	1	1	4
LIDC-IDRI-0547	102	137	369	0	0	0
LIDC-IDRI-0547	116	311	129	0	0	0
LIDC-IDRI-0547	121	399	327	0	0	0
LIDC-IDRI-0547	142	333	343	0	0	0
LIDC-IDRI-0547	65	345	193	0	0	0
LIDC-IDRI-0547	74	325	172	0	0	0
LIDC-IDRI-0547	80	301	188	0	0	0
LIDC-IDRI-0547	87	100	315	1	1	3
LIDC-IDRI-0548	66	185	138	0	0	0
LIDC-IDRI-0548	82	410	149	0	0	0
LIDC-IDRI-0550	59	395	171	1	1	3
LIDC-IDRI-0551	177	112	343	1	1	3
LIDC-IDRI-0551	256	263	157	0	0	0
LIDC-IDRI-0551	256	326	149	0	0	0
LIDC-IDRI-0551	340	418	376	0	0	0
LIDC-IDRI-0551	352	133	154	0	0	0
LIDC-IDRI-0551	356	133	151	0	0	0
LIDC-IDRI-0551	521	348	392	0	0	0
LIDC-IDRI-0551	59	196	320	0	0	0
LIDC-IDRI-0552	101	100	146	0	0	0
LIDC-IDRI-0552	104	306	242	0	0	0
LIDC-IDRI-0552	105	114	135	0	0	0
LIDC-IDRI-0552	105	92	147	0	0	0
LIDC-IDRI-0552	109	306	298	0	0	0
LIDC-IDRI-0552	109	479	273	0	0	0
LIDC-IDRI-0552	110	229	274	0	0	0
LIDC-IDRI-0552	112	315	312	0	0	0
LIDC-IDRI-0552	115	153	342	0	0	0
LIDC-IDRI-0552	116	130	344	0	0	0
LIDC-IDRI-0552	16	172	310	0	0	0
LIDC-IDRI-0552	23	193	354	0	0	0
LIDC-IDRI-0552	27	115	327	0	0	0
LIDC-IDRI-0552	28	137	289	0	0	0
LIDC-IDRI-0552	39	321	174	0	0	0
LIDC-IDRI-0552	41	436	250	0	0	0
LIDC-IDRI-0552	47	109	195	0	0	0
LIDC-IDRI-0552	57	259	153	0	0	0
LIDC-IDRI-0552	80	84	364	1	1	4
LIDC-IDRI-0552	99	259	253	0	0	0
LIDC-IDRI-0552	99	302	251	0	0	0
LIDC-IDRI-0552	99	309	236	0	0	0
LIDC-IDRI-0554	230	156	401	1	1	3
LIDC-IDRI-0555	109	150	396	0	0	0
LIDC-IDRI-0555	112	57	217	1	1	3
LIDC-IDRI-0555	136	362	385	0	0	0
LIDC-IDRI-0555	164	184	147	0	0	0
LIDC-IDRI-0555	164	214	146	0	0	0
LIDC-IDRI-0555	39	402	275	0	0	0
LIDC-IDRI-0556	219	123	375	0	0	0
LIDC-IDRI-0556	223	115	373	0	0	0
LIDC-IDRI-0556	232	155	396	0	0	0
LIDC-IDRI-0556	240	322	362	0	0	0
LIDC-IDRI-0556	71	180	319	0	0	0
LIDC-IDRI-0556	86	212	336	1	1	3
LIDC-IDRI-0557	113	117	354	1	1	4
LIDC-IDRI-0558	173	95	388	1	1	3
LIDC-IDRI-0561	106	456	226	0	0	0
LIDC-IDRI-0561	120	60	288	0	0	0
LIDC-IDRI-0561	85	355	396	0	0	0
LIDC-IDRI-0561	94	340	390	0	0	0
LIDC-IDRI-0561	94	435	349	0	0	0
LIDC-IDRI-0562	67	141	337	1	1	4
LIDC-IDRI-0563	38	215	358	0	0	0
LIDC-IDRI-0563	52	141	336	0	0	0
LIDC-IDRI-0563	52	168	343	0	0	0
LIDC-IDRI-0563	52	184	339	0	0	0
LIDC-IDRI-0563	58	111	325	0	0	0
LIDC-IDRI-0563	70	212	141	0	0	0
LIDC-IDRI-0563	74	122	154	1	1	3
LIDC-IDRI-0564	103	133	218	0	0	0
LIDC-IDRI-0564	114	129	216	0	0	0
LIDC-IDRI-0564	142	164	156	0	0	0
LIDC-IDRI-0564	212	387	184	0	0	0
LIDC-IDRI-0564	229	196	172	0	0	0
LIDC-IDRI-0564	231	186	169	0	0	0
LIDC-IDRI-0564	241	149	167	0	0	0
LIDC-IDRI-0564	297	170	138	0	0	0
LIDC-IDRI-0564	302	418	203	0	0	0
LIDC-IDRI-0564	318	418	211	0	0	0
LIDC-IDRI-0565	85	111	228	1	1	2
LIDC-IDRI-0566	92	186	409	1	1	2
LIDC-IDRI-0567	104	350	400	1	1	1
LIDC-IDRI-0567	21	200	346	0	0	0
LIDC-IDRI-0567	216	188	190	0	0	0
LIDC-IDRI-0567	241	410	342	1	1	1
LIDC-IDRI-0567	31	204	368	0	0	0
LIDC-IDRI-0567	85	399	254	0	0	0
LIDC-IDRI-0568	110	316	366	0	0	0
LIDC-IDRI-0568	121	369	394	0	0	0
LIDC-IDRI-0568	125	104	263	1	1	1
LIDC-IDRI-0568	134	88	219	1	1	1
LIDC-IDRI-0568	22	328	312	0	0	0
LIDC-IDRI-0568	23	328	327	0	0	0
LIDC-IDRI-0568	40	314	336	0	0	0
LIDC-IDRI-0568	45	346	363	0	0	0
LIDC-IDRI-0568	49	176	284	0	0	0
LIDC-IDRI-0568	60	146	340	1	1	3
LIDC-IDRI-0568	84	111	191	0	0	0
LIDC-IDRI-0568	84	155	245	0	0	0
LIDC-IDRI-0569	44	357	354	1	1	1
LIDC-IDRI-0569	55	89	313	1	1	3
LIDC-IDRI-0570	11	212	322	0	0	0
LIDC-IDRI-0570	16	313	350	0	0	0
LIDC-IDRI-0570	17	353	360	0	0	0
LIDC-IDRI-0570	18	114	316	0	0	0
LIDC-IDRI-0570	20	189	189	0	0	0
LIDC-IDRI-0570	23	387	357	0	0	0
LIDC-IDRI-0570	39	165	283	0	0	0
LIDC-IDRI-0570	79	223	161	0	0	0
LIDC-IDRI-0570	86	388	215	0	0	0
LIDC-IDRI-0571	10	205	337	0	0	0
LIDC-IDRI-0571	10	330	349	0	0	0
LIDC-IDRI-0571	15	220	339	0	0	0
LIDC-IDRI-0571	18	215	350	0	0	0
LIDC-IDRI-0571	25	176	378	0	0	0
LIDC-IDRI-0571	27	166	368	0	0	0
LIDC-IDRI-0571	4	193	315	0	0	0
LIDC-IDRI-0571	5	195	302	0	0	0
LIDC-IDRI-0571	5	197	329	0	0	0
LIDC-IDRI-0571	57	128	174	0	0	0
LIDC-IDRI-0571	6	330	316	0	0	0
LIDC-IDRI-0571	6	331	301	0	0	0
LIDC-IDRI-0571	6	344	315	0	0	0
LIDC-IDRI-0571	62	185	178	0	0	0
LIDC-IDRI-0571	64	122	163	0	0	0
LIDC-IDRI-0571	66	193	134	0	0	0
LIDC-IDRI-0571	66	404	171	0	0	0
LIDC-IDRI-0571	67	159	146	0	0	0
LIDC-IDRI-0571	67	380	174	0	0	0
LIDC-IDRI-0571	67	404	168	0	0	0
LIDC-IDRI-0571	69	158	141	0	0	0
LIDC-IDRI-0571	70	169	135	0	0	0
LIDC-IDRI-0571	70	190	151	0	0	0
LIDC-IDRI-0571	72	148	138	0	0	0
LIDC-IDRI-0571	72	386	157	0	0	0
LIDC-IDRI-0571	73	160	137	0	0	0
LIDC-IDRI-0571	73	191	139	0	0	0
LIDC-IDRI-0571	73	378	165	0	0	0
LIDC-IDRI-0571	75	146	134	0	0	0
LIDC-IDRI-0571	77	389	142	0	0	0
LIDC-IDRI-0572	378	76	300	1	1	2
LIDC-IDRI-0574	99	388	277	1	1	3
LIDC-IDRI-0575	11	329	260	0	0	0
LIDC-IDRI-0575	128	383	140	0	0	0
LIDC-IDRI-0575	133	174	359	0	0	0
LIDC-IDRI-0575	15	200	265	0	0	0
LIDC-IDRI-0575	16	209	274	0	0	0
LIDC-IDRI-0575	17	328	299	0	0	0
LIDC-IDRI-0575	174	127	269	0	0	0
LIDC-IDRI-0575	19	199	245	0	0	0
LIDC-IDRI-0575	245	355	354	1	1	4
LIDC-IDRI-0575	259	432	167	0	0	0
LIDC-IDRI-0575	260	361	288	0	0	0
LIDC-IDRI-0575	271	341	277	0	0	0
LIDC-IDRI-0575	272	332	268	0	0	0
LIDC-IDRI-0575	28	139	259	0	0	0
LIDC-IDRI-0575	28	222	282	0	0	0
LIDC-IDRI-0575	287	86	255	0	0	0
LIDC-IDRI-0575	288	119	168	0	0	0
LIDC-IDRI-0575	289	87	265	0	0	0
LIDC-IDRI-0575	34	223	283	0	0	0
LIDC-IDRI-0575	54	122	244	0	0	0
LIDC-IDRI-0575	55	128	209	0	0	0
LIDC-IDRI-0576	100	170	288	1	1	4
LIDC-IDRI-0577	39	123	308	1	1	2
LIDC-IDRI-0578	56	133	226	1	1	2
LIDC-IDRI-0579	64	407	248	1	1	3
LIDC-IDRI-0580	148	212	150	0	0	0
LIDC-IDRI-0580	92	177	184	1	1	3
LIDC-IDRI-0581	11	325	309	0	0	0
LIDC-IDRI-0581	12	185	330	0	0	0
LIDC-IDRI-0581	13	312	344	0	0	0
LIDC-IDRI-0581	18	170	354	0	0	0
LIDC-IDRI-0581	18	198	335	0	0	0
LIDC-IDRI-0581	19	189	351	0	0	0
LIDC-IDRI-0581	40	442	270	0	0	0
LIDC-IDRI-0581	54	388	310	0	0	0
LIDC-IDRI-0581	54	400	311	0	0	0
LIDC-IDRI-0581	54	426	316	0	0	0
LIDC-IDRI-0581	63	102	284	0	0	0
LIDC-IDRI-0581	72	324	104	0	0	0
LIDC-IDRI-0581	92	253	113	0	0	0
LIDC-IDRI-0581	95	79	169	1	1	2
LIDC-IDRI-0582	118	211	390	0	0	0
LIDC-IDRI-0582	139	391	136	0	0	0
LIDC-IDRI-0582	207	139	234	1	1	1
LIDC-IDRI-0582	227	121	112	0	0	0
LIDC-IDRI-0582	232	131	410	0	0	0
LIDC-IDRI-0582	257	359	443	0	0	0
LIDC-IDRI-0582	297	401	122	1	1	2
LIDC-IDRI-0582	366	435	119	0	0	0
LIDC-IDRI-0582	401	461	331	0	0	0
LIDC-IDRI-0582	54	171	212	0	0	0
LIDC-IDRI-0583	110	99	248	1	1	1
LIDC-IDRI-0583	245	89	390	0	0	0
LIDC-IDRI-0583	43	335	294	1	1	3
LIDC-IDRI-0584	108	105	143	0	0	0
LIDC-IDRI-0584	11	204	310	0	0	0
LIDC-IDRI-0584	113	126	140	0	0	0
LIDC-IDRI-0584	114	145	133	0	0	0
LIDC-IDRI-0584	12	338	305	0	0	0
LIDC-IDRI-0584	123	438	168	0	0	0
LIDC-IDRI-0584	132	60	346	0	0	0
LIDC-IDRI-0584	143	207	373	1	1	3
LIDC-IDRI-0584	29	176	208	0	0	0
LIDC-IDRI-0584	29	226	278	0	0	0
LIDC-IDRI-0584	30	142	374	0	0	0
LIDC-IDRI-0584	38	128	379	0	0	0
LIDC-IDRI-0584	50	339	160	0	0	0
LIDC-IDRI-0586	100	135	380	0	0	0
LIDC-IDRI-0586	12	386	310	0	0	0
LIDC-IDRI-0586	17	200	337	0	0	0
LIDC-IDRI-0586	27	192	170	0	0	0
LIDC-IDRI-0586	4	324	269	0	0	0
LIDC-IDRI-0586	5	203	260	0	0	0
LIDC-IDRI-0586	69	416	169	1	1	3
LIDC-IDRI-0586	72	319	352	0	0	0
LIDC-IDRI-0586	82	191	262	0	0	0
LIDC-IDRI-0586	85	297	328	0	0	0
LIDC-IDRI-0586	89	220	334	0	0	0
LIDC-IDRI-0586	89	293	328	0	0	0
LIDC-IDRI-0586	95	153	387	0	0	0
LIDC-IDRI-0587	97	319	185	1	1	5
LIDC-IDRI-0588	61	158	258	1	1	2
LIDC-IDRI-0588	70	407	177	0	0	0
LIDC-IDRI-0588	71	384	203	0	0	0
LIDC-IDRI-0588	71	395	194	0	0	0
LIDC-IDRI-0588	71	400	186	0	0	0
LIDC-IDRI-0590	140	305	168	0	0	0
LIDC-IDRI-0590	142	139	268	0	0	0
LIDC-IDRI-0590	146	304	170	0	0	0
LIDC-IDRI-0590	166	282	161	0	0	0
LIDC-IDRI-0590	242	417	253	1	1	4
LIDC-IDRI-0590	264	227	160	0	0	0
LIDC-IDRI-0590	287	408	217	0	0	0
LIDC-IDRI-0590	289	315	151	0	0	0
LIDC-IDRI-0590	296	216	176	0	0	0
LIDC-IDRI-0590	308	216	170	0	0	0
LIDC-IDRI-0590	341	127	216	0	0	0
LIDC-IDRI-0590	341	130	305	0	0	0
LIDC-IDRI-0590	341	144	268	0	0	0
LIDC-IDRI-0590	342	135	346	0	0	0
LIDC-IDRI-0590	343	128	335	0	0	0
LIDC-IDRI-0590	398	424	235	0	0	0
LIDC-IDRI-0590	408	424	234	0	0	0
LIDC-IDRI-0590	42	310	262	0	0	0
LIDC-IDRI-0590	455	233	347	0	0	0
LIDC-IDRI-0590	46	319	263	0	0	0
LIDC-IDRI-0590	51	208	259	0	0	0
LIDC-IDRI-0590	56	304	254	0	0	0
LIDC-IDRI-0590	57	205	273	0	0	0
LIDC-IDRI-0590	58	200	280	0	0	0
LIDC-IDRI-0591	45	334	358	1	1	3
LIDC-IDRI-0592	134	214	167	0	0	0
LIDC-IDRI-0592	156	141	304	0	0	0
LIDC-IDRI-0592	170	423	308	0	0	0
LIDC-IDRI-0592	177	365	342	0	0	0
LIDC-IDRI-0592	177	411	337	0	0	0
LIDC-IDRI-0592	68	118	240	1	1	3
LIDC-IDRI-0593	47	404	216	1	1	3
LIDC-IDRI-0595	27	146	361	1	1	4
LIDC-IDRI-0596	131	201	125	0	0	0
LIDC-IDRI-0596	133	205	135	0	0	0
LIDC-IDRI-0596	144	316	108	0	0	0
LIDC-IDRI-0596	153	387	178	0	0	0
LIDC-IDRI-0596	171	84	156	0	0	0
LIDC-IDRI-0596	183	108	148	0	0	0
LIDC-IDRI-0596	191	96	145	0	0	0
LIDC-IDRI-0596	50	189	284	0	0	0
LIDC-IDRI-0596	55	138	356	1	1	3
LIDC-IDRI-0598	104	423	364	1	1	3
LIDC-IDRI-0599	238	334	436	1	1	1
LIDC-IDRI-0599	63	163	257	1	1	1
LIDC-IDRI-0601	178	102	380	1	1	2
LIDC-IDRI-0601	211	316	272	1	1	1
LIDC-IDRI-0602	71	381	222	1	1	2
LIDC-IDRI-0604	200	284	132	1	1	1
LIDC-IDRI-0604	200	369	227	1	1	2
LIDC-IDRI-0604	287	430	230	1	1	1
LIDC-IDRI-0605	79	91	176	1	1	2
LIDC-IDRI-0608	112	380	201	1	1	3
LIDC-IDRI-0608	123	163	217	1	1	1
LIDC-IDRI-0608	135	108	255	1	1	1
LIDC-IDRI-0608	96	352	394	1	1	1
LIDC-IDRI-0609	198	147	215	1	1	1
LIDC-IDRI-0609	307	138	139	1	1	3
LIDC-IDRI-0610	20	185	338	1	1	4
LIDC-IDRI-0611	42	403	296	1	1	3
LIDC-IDRI-0612	107	41	298	0	0	0
LIDC-IDRI-0612	110	408	163	0	0	0
LIDC-IDRI-0612	110	89	355	0	0	0
LIDC-IDRI-0612	114	417	168	0	0	0
LIDC-IDRI-0612	114	442	336	0	0	0
LIDC-IDRI-0612	117	75	349	0	0	0
LIDC-IDRI-0612	118	37	254	0	0	0
LIDC-IDRI-0612	118	39	233	0	0	0
LIDC-IDRI-0612	97	457	247	0	0	0
LIDC-IDRI-0613	231	59	294	1	1	3
LIDC-IDRI-0614	167	373	175	1	1	4
LIDC-IDRI-0615	107	152	279	1	1	2
LIDC-IDRI-0615	112	387	284	1	1	1
LIDC-IDRI-0617	106	131	325	1	1	4
LIDC-IDRI-0618	187	177	304	1	1	3
LIDC-IDRI-0619	76	110	239	1	1	5
LIDC-IDRI-0620	81	98	236	1	1	3
LIDC-IDRI-0621	437	417	308	1	1	2
LIDC-IDRI-0624	146	94	254	1	1	4
LIDC-IDRI-0625	287	461	296	1	1	4
LIDC-IDRI-0626	56	114	244	1	1	2
LIDC-IDRI-0628	115	100	235	1	1	4
LIDC-IDRI-0631	103	202	352	1	1	3
LIDC-IDRI-0635	66	163	404	1	1	3
LIDC-IDRI-0636	141	403	294	1	1	2
LIDC-IDRI-0637	117	344	365	1	1	3
LIDC-IDRI-0638	69	138	173	1	1	4
LIDC-IDRI-0639	88	360	282	1	1	3
LIDC-IDRI-0640	50	329	169	1	1	3
LIDC-IDRI-0640	79	422	214	1	1	1
LIDC-IDRI-0642	23	270	293	1	1	3
LIDC-IDRI-0642	51	295	167	1	1	1
LIDC-IDRI-0643	61	426	151	1	1	3
LIDC-IDRI-0643	92	52	320	1	1	1
LIDC-IDRI-0644	62	323	283	1	1	3
LIDC-IDRI-0645	131	191	408	1	1	4
LIDC-IDRI-0647	311	162	124	1	1	4
LIDC-IDRI-0648	263	295	394	1	1	1
LIDC-IDRI-0648	274	357	374	1	1	1
LIDC-IDRI-0648	297	339	353	1	1	1
LIDC-IDRI-0649	127	78	242	1	1	1
LIDC-IDRI-0649	142	101	185	1	1	1
LIDC-IDRI-0649	162	456	271	1	1	1
LIDC-IDRI-0649	166	140	352	1	1	1
LIDC-IDRI-0649	183	450	214	1	1	1
LIDC-IDRI-0649	195	346	350	1	1	1
LIDC-IDRI-0649	196	64	331	1	1	1
LIDC-IDRI-0649	196	69	209	1	1	1
LIDC-IDRI-0649	56	292	244	1	1	1
LIDC-IDRI-0649	63	413	235	1	1	1
LIDC-IDRI-0652	55	434	291	1	1	3
LIDC-IDRI-0654	142	159	103	1	1	3
LIDC-IDRI-0655	258	60	290	1	1	4
LIDC-IDRI-0658	22	200	336	1	1	3
LIDC-IDRI-0659	73	114	171	1	1	3
LIDC-IDRI-0660	105	405	361	1	1	4
LIDC-IDRI-0661	135	162	222	1	1	3
LIDC-IDRI-0662	66	364	213	1	1	3
LIDC-IDRI-0662	97	162	217	1	1	1
LIDC-IDRI-0663	233	135	138	1	1	4
LIDC-IDRI-0664	150	95	237	1	1	4
LIDC-IDRI-0666	65	199	379	1	1	3
LIDC-IDRI-0669	78	133	244	1	1	2
LIDC-IDRI-0670	45	188	236	1	1	4
LIDC-IDRI-0671	52	190	193	1	1	4
LIDC-IDRI-0672	283	86	163	1	1	2
LIDC-IDRI-0673	42	317	312	1	1	3
LIDC-IDRI-0674	193	182	385	1	1	3
LIDC-IDRI-0674	97	116	199	1	1	1
LIDC-IDRI-0675	81	165	192	1	1	3
LIDC-IDRI-0676	273	422	315	1	1	3
LIDC-IDRI-0677	15	120	290	1	1	3
LIDC-IDRI-0677	30	357	206	1	1	1
LIDC-IDRI-0678	58	125	273	1	1	5
LIDC-IDRI-0680	33	158	162	1	1	4
LIDC-IDRI-0681	182	397	261	1	1	3
LIDC-IDRI-0682	120	389	304	1	1	4
LIDC-IDRI-0684	351	427	352	1	1	3
LIDC-IDRI-0686	30	380	302	1	1	3
LIDC-IDRI-0687	28	317	166	1	1	3
LIDC-IDRI-0688	260	173	191	1	1	3
LIDC-IDRI-0692	107	437	346	1	1	3
LIDC-IDRI-0693	81	428	211	1	1	1
LIDC-IDRI-0694	40	212	268	1	1	3
LIDC-IDRI-0695	107	151	260	1	1	3
LIDC-IDRI-0696	113	371	210	1	1	2
LIDC-IDRI-0697	38	332	192	1	1	5
LIDC-IDRI-0698	129	150	306	1	1	5
LIDC-IDRI-0699	97	366	151	1	1	3
LIDC-IDRI-0700	214	150	385	1	1	2
LIDC-IDRI-0701	16	337	325	1	1	3
LIDC-IDRI-0702	86	142	306	1	1	5
LIDC-IDRI-0703	133	139	375	1	1	5
LIDC-IDRI-0704	173	381	270	1	1	4
LIDC-IDRI-0704	245	359	325	1	1	1
LIDC-IDRI-0705	385	442	310	1	1	4
LIDC-IDRI-0706	43	128	268	1	1	4
LIDC-IDRI-0707	32	189	279	1	1	3
LIDC-IDRI-0708	46	397	226	1	1	5
LIDC-IDRI-0709	10	187	234	1	1	1
LIDC-IDRI-0709	18	155	187	1	1	1
LIDC-IDRI-0709	41	432	177	1	1	1
LIDC-IDRI-0709	8	358	272	1	1	1
LIDC-IDRI-0712	127	463	245	1	1	3
LIDC-IDRI-0713	21	158	384	1	1	5
LIDC-IDRI-0714	96	148	400	1	1	3
LIDC-IDRI-0715	462	310	335	1	1	5
LIDC-IDRI-0717	135	249	154	1	1	3
LIDC-IDRI-0717	207	408	293	1	1	1
LIDC-IDRI-0719	30	218	371	1	1	4
LIDC-IDRI-0720	145	119	329	1	1	4
LIDC-IDRI-0721	37	75	287	1	1	1
LIDC-IDRI-0721	44	307	290	1	1	3
LIDC-IDRI-0722	311	425	248	1	1	3
LIDC-IDRI-0722	375	111	214	1	1	1
LIDC-IDRI-0723	170	442	371	1	1	3
LIDC-IDRI-0724	46	411	279	1	1	2
LIDC-IDRI-0724	53	350	239	1	1	1
LIDC-IDRI-0724	54	358	226	1	1	1
LIDC-IDRI-0725	30	299	337	1	1	4
LIDC-IDRI-0726	221	166	296	1	1	1
LIDC-IDRI-0726	263	450	338	1	1	1
LIDC-IDRI-0727	147	172	372	1	1	1
LIDC-IDRI-0727	229	398	146	1	1	2
LIDC-IDRI-0728	309	446	205	1	1	3
LIDC-IDRI-0729	163	386	277	1	1	3
LIDC-IDRI-0730	60	380	359	1	1	3
LIDC-IDRI-0732	38	163	309	1	1	4
LIDC-IDRI-0734	322	430	152	1	1	3
LIDC-IDRI-0735	70	344	370	1	1	3
LIDC-IDRI-0736	130	68	313	1	1	3
LIDC-IDRI-0739	281	338	360	1	1	3
LIDC-IDRI-0740	91	129	359	1	1	4
LIDC-IDRI-0741	112	394	371	1	1	4
LIDC-IDRI-0742	86	118	280	1	1	3
LIDC-IDRI-0743	17	177	274	1	1	4
LIDC-IDRI-0744	101	189	396	1	1	3
LIDC-IDRI-0747	55	419	176	1	1	1
LIDC-IDRI-0748	93	100	272	1	1	3
LIDC-IDRI-0749	59	166	215	1	1	4
LIDC-IDRI-0750	28	344	350	1	1	3
LIDC-IDRI-0750	49	199	161	1	1	1
LIDC-IDRI-0751	45	357	375	1	1	4
LIDC-IDRI-0752	72	325	207	1	1	4
LIDC-IDRI-0753	60	93	277	1	1	5
LIDC-IDRI-0754	60	309	400	1	1	2
LIDC-IDRI-0756	179	412	339	1	1	4
LIDC-IDRI-0757	102	189	224	1	1	1
LIDC-IDRI-0757	53	172	347	1	1	3
LIDC-IDRI-0758	100	140	332	1	1	3
LIDC-IDRI-0759	18	201	248	1	1	3
LIDC-IDRI-0759	55	91	170	1	1	1
LIDC-IDRI-0759	94	144	122	1	1	1
LIDC-IDRI-0761	140	448	217	1	1	3
LIDC-IDRI-0762	179	61	221	1	1	3
LIDC-IDRI-0763	67	203	316	1	1	2
LIDC-IDRI-0765	36	102	341	1	1	3
LIDC-IDRI-0766	176	118	259	1	1	3
LIDC-IDRI-0767	105	102	132	1	1	2
LIDC-IDRI-0768	146	357	322	1	1	3
LIDC-IDRI-0769	28	380	291	1	1	3
LIDC-IDRI-0770	125	95	384	1	1	3
LIDC-IDRI-0770	247	305	365	1	1	1
LIDC-IDRI-0771	95	112	363	1	1	3
LIDC-IDRI-0772	35	334	328	1	1	5
LIDC-IDRI-0773	51	357	267	1	1	1
LIDC-IDRI-0773	62	375	343	1	1	3
LIDC-IDRI-0775	230	112	349	1	1	3
LIDC-IDRI-0778	149	314	367	1	1	3
LIDC-IDRI-0779	39	407	317	1	1	3
LIDC-IDRI-0780	133	110	189	1	1	3
LIDC-IDRI-0780	194	402	231	1	1	1
LIDC-IDRI-0781	67	405	313	1	1	3
LIDC-IDRI-0782	118	133	153	1	1	3
LIDC-IDRI-0783	111	168	397	1	1	4
LIDC-IDRI-0785	121	314	206	1	1	3
LIDC-IDRI-0786	56	111	300	1	1	2
LIDC-IDRI-0787	91	456	273	1	1	2
LIDC-IDRI-0788	32	167	307	1	1	4
LIDC-IDRI-0789	262	149	143	1	1	3
LIDC-IDRI-0790	104	374	136	1	1	5
LIDC-IDRI-0791	196	120	321	1	1	1
LIDC-IDRI-0792	155	80	308	1	1	3
LIDC-IDRI-0793	174	165	360	1	1	5
LIDC-IDRI-0794	123	400	338	1	1	3
LIDC-IDRI-0795	73	136	291	1	1	2
LIDC-IDRI-0796	82	353	203	1	1	5
LIDC-IDRI-0797	146	148	393	1	1	2
LIDC-IDRI-0798	21	376	288	1	1	4
LIDC-IDRI-0799	39	206	276	1	1	4
LIDC-IDRI-0800	19	329	321	1	1	1
LIDC-IDRI-0800	20	338	290	1	1	3
LIDC-IDRI-0801	159	401	362	1	1	1
LIDC-IDRI-0801	23	319	365	1	1	3
LIDC-IDRI-0801	43	131	354	1	1	1
LIDC-IDRI-0802	57	410	238	1	1	2
LIDC-IDRI-0803	133	440	280	1	1	3
LIDC-IDRI-0805	52	140	201	1	1	3
LIDC-IDRI-0806	162	149	201	1	1	2
LIDC-IDRI-0806	368	62	354	1	1	1
LIDC-IDRI-0807	298	68	209	1	1	2
LIDC-IDRI-0809	144	56	295	1	1	3
LIDC-IDRI-0810	54	207	240	1	1	3
LIDC-IDRI-0813	68	385	270	1	1	3
LIDC-IDRI-0814	102	400	169	1	1	3
LIDC-IDRI-0815	111	138	341	1	1	3
LIDC-IDRI-0816	33	160	312	1	1	3
LIDC-IDRI-0817	60	351	272	1	1	2
LIDC-IDRI-0818	160	211	322	1	1	2
LIDC-IDRI-0819	68	131	289	1	1	5
LIDC-IDRI-0820	26	230	264	1	1	3
LIDC-IDRI-0821	71	332	213	1	1	3
LIDC-IDRI-0822	149	390	287	1	1	1
LIDC-IDRI-0822	64	178	308	1	1	3
LIDC-IDRI-0823	66	134	400	1	1	1
LIDC-IDRI-0824	72	97	166	1	1	2
LIDC-IDRI-0825	157	354	411	1	1	1
LIDC-IDRI-0826	106	146	299	1	1	4
LIDC-IDRI-0827	77	403	299	1	1	3
LIDC-IDRI-0828	123	420	338	1	1	3
LIDC-IDRI-0829	88	315	171	1	1	4
LIDC-IDRI-0830	80	174	349	1	1	1
LIDC-IDRI-0830	93	123	326	1	1	2
LIDC-IDRI-0833	136	144	268	1	1	3
LIDC-IDRI-0834	227	182	306	1	1	5
LIDC-IDRI-0835	131	141	311	1	1	2
LIDC-IDRI-0836	85	81	258	1	1	3
LIDC-IDRI-0837	110	96	359	1	1	3
LIDC-IDRI-0838	225	422	335	1	1	3
LIDC-IDRI-0840	30	393	243	1	1	2
LIDC-IDRI-0841	70	414	258	1	1	2
LIDC-IDRI-0842	49	326	147	1	1	1
LIDC-IDRI-0842	52	381	293	1	1	3
LIDC-IDRI-0843	137	229	350	1	1	3
LIDC-IDRI-0843	230	140	216	1	1	1
LIDC-IDRI-0843	277	197	180	1	1	1
LIDC-IDRI-0843	297	109	398	1	1	1
LIDC-IDRI-0846	25	402	292	1	1	3
LIDC-IDRI-0847	61	324	396	1	1	3
LIDC-IDRI-0848	90	113	368	1	1	3
LIDC-IDRI-0849	155	291	244	1	1	1
LIDC-IDRI-0849	155	305	262	1	1	1
LIDC-IDRI-0849	197	372	138	1	1	1
LIDC-IDRI-0849	400	40	284	1	1	1
LIDC-IDRI-0850	190	92	176	1	1	4
LIDC-IDRI-0851	122	155	340	1	1	1
LIDC-IDRI-0851	151	139	332	1	1	3
LIDC-IDRI-0852	39	128	342	1	1	3
LIDC-IDRI-0854	307	453	258	1	1	2
LIDC-IDRI-0855	13	193	296	1	1	1
LIDC-IDRI-0855	18	336	306	1	1	1
LIDC-IDRI-0855	20	196	316	1	1	1
LIDC-IDRI-0855	34	110	266	1	1	3
LIDC-IDRI-0856	48	364	270	1	1	2
LIDC-IDRI-0857	216	411	368	1	1	1
LIDC-IDRI-0857	271	120	178	1	1	3
LIDC-IDRI-0859	89	438	239	1	1	3
LIDC-IDRI-0860	104	358	357	1	1	2
LIDC-IDRI-0861	48	211	295	1	1	4
LIDC-IDRI-0864	101	435	376	1	1	2
LIDC-IDRI-0864	130	73	184	1	1	1
LIDC-IDRI-0865	99	191	267	1	1	5
LIDC-IDRI-0866	52	165	215	1	1	1
LIDC-IDRI-0866	73	127	231	1	1	2
LIDC-IDRI-0866	90	401	183	1	1	1
LIDC-IDRI-0867	199	138	314	1	1	3
LIDC-IDRI-0868	50	347	299	1	1	3
LIDC-IDRI-0869	193	166	213	1	1	4
LIDC-IDRI-0870	94	127	380	1	1	2
LIDC-IDRI-0871	108	428	253	1	1	3
LIDC-IDRI-0872	38	121	377	1	1	3
LIDC-IDRI-0872	70	411	313	1	1	1
LIDC-IDRI-0873	38	132	314	1	1	4
LIDC-IDRI-0874	110	233	205	1	1	1
LIDC-IDRI-0874	360	393	332	1	1	3
LIDC-IDRI-0875	45	146	332	1	1	5
LIDC-IDRI-0879	111	109	194	1	1	2
LIDC-IDRI-0879	138	105	176	1	1	1
LIDC-IDRI-0879	219	340	339	1	1	1
LIDC-IDRI-0879	229	334	325	1	1	1
LIDC-IDRI-0883	166	229	127	1	1	1
LIDC-IDRI-0883	172	426	158	1	1	2
LIDC-IDRI-0884	55	375	248	1	1	5
LIDC-IDRI-0886	34	265	185	1	1	4
LIDC-IDRI-0888	115	180	350	1	1	4
LIDC-IDRI-0890	170	122	156	1	1	5
LIDC-IDRI-0892	38	352	234	1	1	3
LIDC-IDRI-0893	189	168	335	1	1	4
LIDC-IDRI-0894	143	97	369	1	1	3
LIDC-IDRI-0895	61	199	283	1	1	4
LIDC-IDRI-0896	84	454	291	1	1	3
LIDC-IDRI-0898	87	121	345	1	1	4
LIDC-IDRI-0899	21	91	288	1	1	2
LIDC-IDRI-0899	40	153	347	1	1	1
LIDC-IDRI-0902	212	149	150	1	1	3
LIDC-IDRI-0904	31	197	384	1	1	4
LIDC-IDRI-0905	82	231	322	1	1	4
LIDC-IDRI-0906	102	305	307	1	1	1
LIDC-IDRI-0906	119	389	356	1	1	1
LIDC-IDRI-0906	46	409	249	1	1	2
LIDC-IDRI-0907	30	223	348	1	1	3
LIDC-IDRI-0908	128	438	251	1	1	3
LIDC-IDRI-0909	261	201	223	1	1	3
LIDC-IDRI-0910	23	384	319	1	1	4
LIDC-IDRI-0911	21	202	243	1	1	4
LIDC-IDRI-0914	159	81	296	1	1	1
LIDC-IDRI-0915	151	63	258	1	1	3
LIDC-IDRI-0916	65	87	343	1	1	2
LIDC-IDRI-0917	129	445	271	1	1	3
LIDC-IDRI-0919	175	370	314	1	1	4
LIDC-IDRI-0920	159	109	343	1	1	4
LIDC-IDRI-0921	69	143	300	1	1	5
LIDC-IDRI-0922	53	356	334	1	1	4
LIDC-IDRI-0923	262	83	174	1	1	3
LIDC-IDRI-0924	152	412	218	1	1	3
LIDC-IDRI-0924	34	245	305	1	1	1
LIDC-IDRI-0925	135	430	369	1	1	4
LIDC-IDRI-0926	80	331	296	1	1	3
LIDC-IDRI-0928	81	156	149	1	1	3
LIDC-IDRI-0929	181	113	337	1	1	1
LIDC-IDRI-0932	21	225	278	1	1	2
LIDC-IDRI-0933	66	155	324	1	1	1
LIDC-IDRI-0933	82	112	222	1	1	1
LIDC-IDRI-0933	83	415	122	1	1	3
LIDC-IDRI-0935	49	71	207	1	1	2
LIDC-IDRI-0935	77	382	186	1	1	1
LIDC-IDRI-0936	76	136	291	1	1	4
LIDC-IDRI-0938	143	347	161	1	1	5
LIDC-IDRI-0939	88	120	288	1	1	4
LIDC-IDRI-0940	259	128	177	1	1	5
LIDC-IDRI-0941	306	62	307	1	1	3
LIDC-IDRI-0942	101	104	299	1	1	1
LIDC-IDRI-0943	324	217	368	1	1	3
LIDC-IDRI-0945	30	379	256	1	1	3
LIDC-IDRI-0946	47	130	395	1	1	2
LIDC-IDRI-0947	268	101	270	1	1	3
LIDC-IDRI-0949	37	342	216	1	1	1
LIDC-IDRI-0949	43	145	195	1	1	2
LIDC-IDRI-0950	61	105	335	1	1	3
LIDC-IDRI-0951	159	111	225	1	1	1
LIDC-IDRI-0951	167	53	224	1	1	2
LIDC-IDRI-0951	78	157	398	1	1	1
LIDC-IDRI-0956	78	114	342	1	1	1
LIDC-IDRI-0956	80	182	251	1	1	1
LIDC-IDRI-0956	99	421	200	1	1	3
LIDC-IDRI-0957	7	347	253	1	1	2
LIDC-IDRI-0958	24	106	342	1	1	3
LIDC-IDRI-0959	156	432	181	1	1	3
LIDC-IDRI-0961	29	141	330	1	1	1
LIDC-IDRI-0961	58	165	215	1	1	3
LIDC-IDRI-0961	67	435	285	1	1	1
LIDC-IDRI-0962	60	362	216	1	1	3
LIDC-IDRI-0969	79	339	356	1	1	3
LIDC-IDRI-0971	202	447	167	1	1	3
LIDC-IDRI-0974	58	381	164	1	1	3
LIDC-IDRI-0976	202	144	163	1	1	4
LIDC-IDRI-0977	80	448	293	1	1	3
LIDC-IDRI-0978	163	158	207	1	1	4
LIDC-IDRI-0980	38	364	383	1	1	5
LIDC-IDRI-0981	52	195	325	1	1	4
LIDC-IDRI-0982	53	185	286	1	1	4
LIDC-IDRI-0983	62	458	237	1	1	3
LIDC-IDRI-0984	145	434	253	1	1	3
LIDC-IDRI-0986	29	201	317	1	1	3
LIDC-IDRI-0987	200	143	152	1	1	1
LIDC-IDRI-0989	88	346	235	1	1	3
LIDC-IDRI-0990	139	200	156	1	1	3
LIDC-IDRI-0991	101	159	165	1	1	3
LIDC-IDRI-0993	68	82	267	1	1	1
LIDC-IDRI-0994	371	456	215	1	1	3
LIDC-IDRI-0996	19	303	338	1	1	1
LIDC-IDRI-0996	84	110	234	1	1	1
LIDC-IDRI-0997	112	330	368	1	1	1
LIDC-IDRI-0997	354	487	244	1	1	1
LIDC-IDRI-0997	358	57	250	1	1	2
LIDC-IDRI-0998	47	147	292	1	1	3
LIDC-IDRI-0999	50	108	221	1	1	1
LIDC-IDRI-0999	60	326	379	1	1	3
LIDC-IDRI-1002	70	220	293	1	1	4
LIDC-IDRI-1003	72	151	409	1	1	4
LIDC-IDRI-1004	150	395	194	1	1	5
LIDC-IDRI-1005	49	310	276	1	1	3
LIDC-IDRI-1006	231	105	233	1	1	4
LIDC-IDRI-1007	108	416	303	1	1	5
LIDC-IDRI-1008	33	141	228	1	1	2
LIDC-IDRI-1008	46	118	202	1	1	1
LIDC-IDRI-1008	47	119	221	1	1	1
LIDC-IDRI-1009	66	314	321	1	1	2
LIDC-IDRI-1012	105	145	153	1	1	2
