LIDC-IDRI-0001	43	316	367	1	1	5
LIDC-IDRI-0002	77	345	361	1	1	5
LIDC-IDRI-0003	66	367	349	1	1	4
LIDC-IDRI-0004	165	142	323	1	1	1
LIDC-IDRI-0007	20	293	266	1	1	5
LIDC-IDRI-0011	24	189	198	1	1	1
LIDC-IDRI-0011	67	306	330	1	1	1
LIDC-IDRI-0011	69	400	188	1	1	1
LIDC-IDRI-0011	80	69	285	1	1	1
LIDC-IDRI-0011	93	357	272	1	1	1
LIDC-IDRI-0015	31	315	255	1	1	4
LIDC-IDRI-0016	67	438	182	1	1	4
LIDC-IDRI-0018	18	364	310	1	1	4
LIDC-IDRI-0023	19	317	236	1	1	5
LIDC-IDRI-0029	94	317	283	1	1	5
LIDC-IDRI-0036	72	141	313	1	1	4
LIDC-IDRI-0037	59	407	288	1	1	4
LIDC-IDRI-0039	117	238	367	1	1	1
LIDC-IDRI-0039	148	252	299	1	1	1
LIDC-IDRI-0039	158	145	267	1	1	1
LIDC-IDRI-0040	87	170	432	1	1	1
LIDC-IDRI-0041	101	321	337	1	1	4
LIDC-IDRI-0043	22	139	307	1	1	4
LIDC-IDRI-0044	80	346	384	1	1	4
LIDC-IDRI-0045	87	337	367	1	1	4
LIDC-IDRI-0047	56	142	284	1	1	4
LIDC-IDRI-0048	108	169	216	1	1	4
LIDC-IDRI-0049	64	345	174	1	1	1
LIDC-IDRI-0049	80	355	146	1	1	1
LIDC-IDRI-0050	45	173	326	1	1	4
LIDC-IDRI-0052	236	168	310	1	1	5
LIDC-IDRI-0054	48	402	289	1	1	4
LIDC-IDRI-0055	17	186	291	1	1	4
LIDC-IDRI-0057	83	343	348	1	1	5
LIDC-IDRI-0059	32	324	382	1	1	4
LIDC-IDRI-0063	43	219	301	1	1	5
LIDC-IDRI-0064	22	196	308	1	1	4
LIDC-IDRI-0066	149	194	356	1	1	4
LIDC-IDRI-0072	49	177	267	1	1	5
LIDC-IDRI-0073	21	339	270	1	1	4
LIDC-IDRI-0073	75	306	330	1	1	1
LIDC-IDRI-0074	29	180	241	1	1	4
LIDC-IDRI-0075	97	184	319	1	1	5
LIDC-IDRI-0077	58	221	290	1	1	4
LIDC-IDRI-0080	159	208	285	1	1	5
LIDC-IDRI-0081	28	136	328	1	1	4
LIDC-IDRI-0082	174	108	332	1	1	5
LIDC-IDRI-0084	127	80	165	1	1	1
LIDC-IDRI-0087	24	187	242	1	1	5
LIDC-IDRI-0088	87	155	271	1	1	1
LIDC-IDRI-0089	98	368	228	1	1	5
LIDC-IDRI-0092	29	348	260	1	1	1
LIDC-IDRI-0092	42	173	289	1	1	1
LIDC-IDRI-0092	80	213	229	1	1	1
LIDC-IDRI-0095	136	365	234	1	1	4
LIDC-IDRI-0098	30	283	191	1	1	4
LIDC-IDRI-0099	52	125	331	1	1	4
LIDC-IDRI-0104	68	150	222	1	1	4
LIDC-IDRI-0106	78	99	229	1	1	1
LIDC-IDRI-0106	79	142	188	1	1	1
LIDC-IDRI-0108	99	140	180	1	1	5
LIDC-IDRI-0111	60	228	335	1	1	4
LIDC-IDRI-0115	20	136	287	1	1	4
LIDC-IDRI-0116	32	158	234	1	1	5
LIDC-IDRI-0118	106	222	313	1	1	1
LIDC-IDRI-0118	108	379	245	1	1	1
LIDC-IDRI-0118	123	392	275	1	1	1
LIDC-IDRI-0118	171	204	222	1	1	1
LIDC-IDRI-0118	196	205	335	1	1	1
LIDC-IDRI-0118	198	133	336	1	1	1
LIDC-IDRI-0120	34	235	292	1	1	4
LIDC-IDRI-0121	116	287	166	1	1	4
LIDC-IDRI-0132	27	414	368	1	1	4
LIDC-IDRI-0137	37	116	271	1	1	4
LIDC-IDRI-0138	93	317	285	1	1	1
LIDC-IDRI-0139	71	303	371	1	1	4
LIDC-IDRI-0142	235	161	352	1	1	1
LIDC-IDRI-0144	96	403	218	1	1	1
LIDC-IDRI-0145	78	187	361	1	1	4
LIDC-IDRI-0147	95	115	388	1	1	4
LIDC-IDRI-0148	48	167	341	1	1	5
LIDC-IDRI-0151	41	409	301	1	1	4
LIDC-IDRI-0153	56	216	209	1	1	4
LIDC-IDRI-0154	71	461	266	1	1	4
LIDC-IDRI-0156	36	370	173	1	1	4
LIDC-IDRI-0158	512	247	234	1	1	1
LIDC-IDRI-0159	66	118	215	1	1	1
LIDC-IDRI-0163	93	432	237	1	1	4
LIDC-IDRI-0167	72	376	147	1	1	1
LIDC-IDRI-0168	67	118	229	1	1	1
LIDC-IDRI-0169	119	370	371	1	1	4
LIDC-IDRI-0172	19	341	328	1	1	4
LIDC-IDRI-0176	167	124	306	1	1	1
LIDC-IDRI-0183	27	167	344	1	1	4
LIDC-IDRI-0187	22	354	279	1	1	4
LIDC-IDRI-0190	77	423	239	1	1	4
LIDC-IDRI-0195	48	105	299	1	1	4
LIDC-IDRI-0196	33	147	303	1	1	4
LIDC-IDRI-0201	70	182	182	1	1	4
LIDC-IDRI-0204	104	362	364	1	1	4
LIDC-IDRI-0206	88	129	239	1	1	4
LIDC-IDRI-0207	176	388	222	1	1	1
LIDC-IDRI-0208	69	206	150	1	1	4
LIDC-IDRI-0209	95	178	374	1	1	4
LIDC-IDRI-0211	78	367	365	1	1	5
LIDC-IDRI-0212	20	300	260	1	1	1
LIDC-IDRI-0213	36	126	332	1	1	1
LIDC-IDRI-0215	72	385	322	1	1	1
LIDC-IDRI-0217	101	212	320	1	1	4
LIDC-IDRI-0219	81	182	278	1	1	4
LIDC-IDRI-0228	18	381	269	1	1	4
LIDC-IDRI-0229	31	189	355	1	1	4
LIDC-IDRI-0230	47	366	288	1	1	1
LIDC-IDRI-0237	63	171	212	1	1	4
LIDC-IDRI-0242	41	390	320	1	1	5
LIDC-IDRI-0248	101	368	352	1	1	1
LIDC-IDRI-0252	57	201	229	1	1	4
LIDC-IDRI-0256	84	205	394	1	1	1
LIDC-IDRI-0257	64	200	342	1	1	4
LIDC-IDRI-0259	117	110	354	1	1	4
LIDC-IDRI-0262	86	106	259	1	1	4
LIDC-IDRI-0265	27	212	319	1	1	5
LIDC-IDRI-0267	100	154	337	1	1	5
LIDC-IDRI-0268	49	193	167	1	1	1
LIDC-IDRI-0276	80	352	357	1	1	4
LIDC-IDRI-0284	22	290	283	1	1	1
LIDC-IDRI-0285	46	315	323	1	1	4
LIDC-IDRI-0286	98	376	279	1	1	1
LIDC-IDRI-0294	71	314	205	1	1	4
LIDC-IDRI-0304	49	397	353	1	1	4
LIDC-IDRI-0305	24	167	311	1	1	4
LIDC-IDRI-0309	35	129	207	1	1	4
LIDC-IDRI-0312	178	420	391	1	1	4
LIDC-IDRI-0313	73	379	224	1	1	5
LIDC-IDRI-0321	82	362	275	1	1	1
LIDC-IDRI-0321	94	382	297	1	1	1
LIDC-IDRI-0325	128	167	366	1	1	4
LIDC-IDRI-0332	136	117	251	1	1	5
LIDC-IDRI-0337	13	194	374	1	1	5
LIDC-IDRI-0346	30	141	380	1	1	1
LIDC-IDRI-0346	43	222	337	1	1	1
LIDC-IDRI-0346	63	380	389	1	1	1
LIDC-IDRI-0347	61	108	322	1	1	4
LIDC-IDRI-0348	40	350	237	1	1	4
LIDC-IDRI-0351	39	112	133	1	1	4
LIDC-IDRI-0354	53	80	338	1	1	1
LIDC-IDRI-0362	38	113	296	1	1	5
LIDC-IDRI-0366	38	157	348	1	1	4
LIDC-IDRI-0367	279	376	335	1	1	1
LIDC-IDRI-0372	200	183	356	1	1	1
LIDC-IDRI-0375	237	157	183	1	1	1
LIDC-IDRI-0377	85	382	309	1	1	5
LIDC-IDRI-0379	62	402	331	1	1	1
LIDC-IDRI-0385	103	379	342	1	1	4
LIDC-IDRI-0390	35	191	179	1	1	1
LIDC-IDRI-0390	38	133	361	1	1	1
LIDC-IDRI-0390	41	103	337	1	1	1
LIDC-IDRI-0390	50	165	266	1	1	1
LIDC-IDRI-0390	63	192	339	1	1	1
LIDC-IDRI-0390	64	159	243	1	1	1
LIDC-IDRI-0390	74	409	208	1	1	1
LIDC-IDRI-0396	65	156	333	1	1	1
LIDC-IDRI-0398	62	187	330	1	1	4
LIDC-IDRI-0404	121	318	352	1	1	4
LIDC-IDRI-0405	127	412	276	1	1	1
LIDC-IDRI-0406	394	168	343	1	1	1
LIDC-IDRI-0407	87	229	186	1	1	4
LIDC-IDRI-0414	56	205	263	1	1	4
LIDC-IDRI-0420	102	146	78	1	1	4
LIDC-IDRI-0421	42	142	248	1	1	1
LIDC-IDRI-0423	111	361	165	1	1	4
LIDC-IDRI-0426	68	410	273	1	1	1
LIDC-IDRI-0429	73	337	237	1	1	5
LIDC-IDRI-0432	31	314	310	1	1	1
LIDC-IDRI-0435	65	91	387	1	1	1
LIDC-IDRI-0436	31	231	193	1	1	1
LIDC-IDRI-0436	51	119	209	1	1	4
LIDC-IDRI-0437	253	395	325	1	1	1
LIDC-IDRI-0437	343	184	339	1	1	1
LIDC-IDRI-0447	91	411	199	1	1	1
LIDC-IDRI-0453	103	337	318	1	1	4
LIDC-IDRI-0454	66	212	333	1	1	4
LIDC-IDRI-0456	199	183	185	1	1	1
LIDC-IDRI-0456	313	456	183	1	1	1
LIDC-IDRI-0459	111	129	334	1	1	1
LIDC-IDRI-0459	155	130	327	1	1	1
LIDC-IDRI-0459	176	407	172	1	1	1
LIDC-IDRI-0459	197	372	202	1	1	1
LIDC-IDRI-0461	112	150	288	1	1	1
LIDC-IDRI-0461	149	90	317	1	1	1
LIDC-IDRI-0461	86	102	272	1	1	1
LIDC-IDRI-0463	133	373	253	1	1	1
LIDC-IDRI-0466	134	208	227	1	1	5
LIDC-IDRI-0470	172	116	322	1	1	5
LIDC-IDRI-0474	84	315	334	1	1	1
LIDC-IDRI-0477	70	117	250	1	1	4
LIDC-IDRI-0479	205	190	350	1	1	1
LIDC-IDRI-0481	145	133	427	1	1	4
LIDC-IDRI-0483	183	87	204	1	1	4
LIDC-IDRI-0484	71	148	373	1	1	4
LIDC-IDRI-0485	110	159	222	1	1	1
LIDC-IDRI-0488	61	123	287	1	1	4
LIDC-IDRI-0489	47	368	350	1	1	4
LIDC-IDRI-0490	282	357	233	1	1	4
LIDC-IDRI-0491	111	183	231	1	1	1
LIDC-IDRI-0491	219	376	232	1	1	1
LIDC-IDRI-0491	222	305	187	1	1	1
LIDC-IDRI-0491	241	177	435	1	1	1
LIDC-IDRI-0491	281	116	380	1	1	1
LIDC-IDRI-0491	375	436	201	1	1	1
LIDC-IDRI-0491	398	150	392	1	1	1
LIDC-IDRI-0491	422	82	227	1	1	1
LIDC-IDRI-0491	443	157	359	1	1	1
LIDC-IDRI-0493	156	227	299	1	1	4
LIDC-IDRI-0497	95	90	227	1	1	4
LIDC-IDRI-0507	113	360	300	1	1	4
LIDC-IDRI-0508	198	370	362	1	1	4
LIDC-IDRI-0515	110	208	357	1	1	4
LIDC-IDRI-0516	54	95	376	1	1	1
LIDC-IDRI-0520	111	208	327	1	1	1
LIDC-IDRI-0520	283	434	327	1	1	1
LIDC-IDRI-0521	140	386	181	1	1	1
LIDC-IDRI-0521	161	415	181	1	1	4
LIDC-IDRI-0523	33	175	271	1	1	1
LIDC-IDRI-0525	100	131	287	1	1	4
LIDC-IDRI-0527	85	133	276	1	1	4
LIDC-IDRI-0534	46	333	377	1	1	1
LIDC-IDRI-0535	107	116	328	1	1	1
LIDC-IDRI-0539	116	354	396	1	1	4
LIDC-IDRI-0543	97	413	311	1	1	4
LIDC-IDRI-0546	146	416	273	1	1	4
LIDC-IDRI-0552	80	84	364	1	1	4
LIDC-IDRI-0557	113	117	354	1	1	4
LIDC-IDRI-0559	73	375	387	1	1	1
LIDC-IDRI-0559	98	344	397	1	1	1
LIDC-IDRI-0562	67	141	337	1	1	4
LIDC-IDRI-0567	104	350	400	1	1	1
LIDC-IDRI-0567	241	410	342	1	1	1
LIDC-IDRI-0568	125	104	263	1	1	1
LIDC-IDRI-0568	134	88	219	1	1	1
LIDC-IDRI-0569	44	357	354	1	1	1
LIDC-IDRI-0571	70	204	130	1	1	1
LIDC-IDRI-0575	245	355	354	1	1	4
LIDC-IDRI-0576	100	170	288	1	1	4
LIDC-IDRI-0582	207	139	234	1	1	1
LIDC-IDRI-0583	110	99	248	1	1	1
LIDC-IDRI-0587	97	319	185	1	1	5
LIDC-IDRI-0590	242	417	253	1	1	4
LIDC-IDRI-0595	27	146	361	1	1	4
LIDC-IDRI-0599	238	334	436	1	1	1
LIDC-IDRI-0599	63	163	257	1	1	1
LIDC-IDRI-0601	211	316	272	1	1	1
LIDC-IDRI-0604	200	284	132	1	1	1
LIDC-IDRI-0604	287	430	230	1	1	1
LIDC-IDRI-0606	222	187	299	1	1	5
LIDC-IDRI-0609	198	147	215	1	1	1
LIDC-IDRI-0610	20	185	338	1	1	4
LIDC-IDRI-0614	167	373	175	1	1	4
LIDC-IDRI-0615	112	387	284	1	1	1
LIDC-IDRI-0617	106	131	325	1	1	4
LIDC-IDRI-0619	76	110	239	1	1	5
LIDC-IDRI-0624	146	94	254	1	1	4
LIDC-IDRI-0629	42	205	303	1	1	4
LIDC-IDRI-0634	174	130	390	1	1	1
LIDC-IDRI-0638	69	138	173	1	1	4
LIDC-IDRI-0640	79	422	214	1	1	1
LIDC-IDRI-0642	51	295	167	1	1	1
LIDC-IDRI-0643	92	52	320	1	1	1
LIDC-IDRI-0645	131	191	408	1	1	4
LIDC-IDRI-0647	311	162	124	1	1	4
LIDC-IDRI-0648	263	295	394	1	1	1
LIDC-IDRI-0648	274	357	374	1	1	1
LIDC-IDRI-0648	297	339	353	1	1	1
LIDC-IDRI-0649	127	78	242	1	1	1
LIDC-IDRI-0649	142	101	185	1	1	1
LIDC-IDRI-0649	162	456	271	1	1	1
LIDC-IDRI-0649	166	140	352	1	1	1
LIDC-IDRI-0649	183	450	214	1	1	1
LIDC-IDRI-0649	195	346	350	1	1	1
LIDC-IDRI-0649	196	64	331	1	1	1
LIDC-IDRI-0649	196	69	209	1	1	1
LIDC-IDRI-0649	56	292	244	1	1	1
LIDC-IDRI-0649	63	413	235	1	1	1
LIDC-IDRI-0650	36	178	317	1	1	4
LIDC-IDRI-0655	258	60	290	1	1	4
LIDC-IDRI-0657	119	163	362	1	1	4
LIDC-IDRI-0663	233	135	138	1	1	4
LIDC-IDRI-0664	150	95	237	1	1	4
LIDC-IDRI-0671	52	190	193	1	1	4
LIDC-IDRI-0674	97	116	199	1	1	1
LIDC-IDRI-0677	30	357	206	1	1	1
LIDC-IDRI-0680	33	158	162	1	1	4
LIDC-IDRI-0693	81	428	211	1	1	1
LIDC-IDRI-0697	38	332	192	1	1	5
LIDC-IDRI-0698	129	150	306	1	1	5
LIDC-IDRI-0702	86	142	306	1	1	5
LIDC-IDRI-0703	133	139	375	1	1	5
LIDC-IDRI-0705	385	442	310	1	1	4
LIDC-IDRI-0706	43	128	268	1	1	4
LIDC-IDRI-0708	46	397	226	1	1	5
LIDC-IDRI-0709	10	187	234	1	1	1
LIDC-IDRI-0709	18	155	187	1	1	1
LIDC-IDRI-0709	41	432	177	1	1	1
LIDC-IDRI-0709	8	358	272	1	1	1
LIDC-IDRI-0715	462	310	335	1	1	5
LIDC-IDRI-0717	207	408	293	1	1	1
LIDC-IDRI-0719	30	218	371	1	1	4
LIDC-IDRI-0721	37	75	287	1	1	1
LIDC-IDRI-0722	375	111	214	1	1	1
LIDC-IDRI-0725	30	299	337	1	1	4
LIDC-IDRI-0726	221	166	296	1	1	1
LIDC-IDRI-0726	263	450	338	1	1	1
LIDC-IDRI-0727	147	172	372	1	1	1
LIDC-IDRI-0732	38	163	309	1	1	4
LIDC-IDRI-0741	112	394	371	1	1	4
LIDC-IDRI-0743	17	177	274	1	1	4
LIDC-IDRI-0747	55	419	176	1	1	1
LIDC-IDRI-0749	59	166	215	1	1	4
LIDC-IDRI-0750	49	199	161	1	1	1
LIDC-IDRI-0751	45	357	375	1	1	4
LIDC-IDRI-0752	72	325	207	1	1	4
LIDC-IDRI-0753	60	93	277	1	1	5
LIDC-IDRI-0756	179	412	339	1	1	4
LIDC-IDRI-0757	102	189	224	1	1	1
LIDC-IDRI-0770	247	305	365	1	1	1
LIDC-IDRI-0773	51	357	267	1	1	1
LIDC-IDRI-0780	194	402	231	1	1	1
LIDC-IDRI-0783	111	168	397	1	1	4
LIDC-IDRI-0788	32	167	307	1	1	4
LIDC-IDRI-0790	104	374	136	1	1	5
LIDC-IDRI-0791	196	120	321	1	1	1
LIDC-IDRI-0793	174	165	360	1	1	5
LIDC-IDRI-0796	82	353	203	1	1	5
LIDC-IDRI-0799	39	206	276	1	1	4
LIDC-IDRI-0800	19	329	321	1	1	1
LIDC-IDRI-0801	159	401	362	1	1	1
LIDC-IDRI-0801	43	131	354	1	1	1
LIDC-IDRI-0811	126	153	354	1	1	4
LIDC-IDRI-0819	68	131	289	1	1	5
LIDC-IDRI-0822	149	390	287	1	1	1
LIDC-IDRI-0823	66	134	400	1	1	1
LIDC-IDRI-0825	157	354	411	1	1	1
LIDC-IDRI-0826	106	146	299	1	1	4
LIDC-IDRI-0829	88	315	171	1	1	4
LIDC-IDRI-0830	80	174	349	1	1	1
LIDC-IDRI-0834	227	182	306	1	1	5
LIDC-IDRI-0842	49	326	147	1	1	1
LIDC-IDRI-0843	230	140	216	1	1	1
LIDC-IDRI-0843	277	197	180	1	1	1
LIDC-IDRI-0843	297	109	398	1	1	1
LIDC-IDRI-0844	183	166	267	1	1	5
LIDC-IDRI-0845	88	298	177	1	1	1
LIDC-IDRI-0849	155	291	244	1	1	1
LIDC-IDRI-0849	155	305	262	1	1	1
LIDC-IDRI-0849	197	372	138	1	1	1
LIDC-IDRI-0849	400	40	284	1	1	1
LIDC-IDRI-0850	190	92	176	1	1	4
LIDC-IDRI-0851	122	155	340	1	1	1
LIDC-IDRI-0861	48	211	295	1	1	4
LIDC-IDRI-0865	99	191	267	1	1	5
LIDC-IDRI-0866	52	165	215	1	1	1
LIDC-IDRI-0866	90	401	183	1	1	1
LIDC-IDRI-0874	110	233	205	1	1	1
LIDC-IDRI-0875	45	146	332	1	1	5
LIDC-IDRI-0879	138	105	176	1	1	1
LIDC-IDRI-0879	219	340	339	1	1	1
LIDC-IDRI-0879	229	334	325	1	1	1
LIDC-IDRI-0880	144	60	288	1	1	4
LIDC-IDRI-0886	34	265	185	1	1	4
LIDC-IDRI-0888	115	180	350	1	1	4
LIDC-IDRI-0890	170	122	156	1	1	5
LIDC-IDRI-0893	189	168	335	1	1	4
LIDC-IDRI-0895	61	199	283	1	1	4
LIDC-IDRI-0899	40	153	347	1	1	1
LIDC-IDRI-0904	31	197	384	1	1	4
LIDC-IDRI-0905	82	231	322	1	1	4
LIDC-IDRI-0906	102	305	307	1	1	1
LIDC-IDRI-0906	119	389	356	1	1	1
LIDC-IDRI-0910	23	384	319	1	1	4
LIDC-IDRI-0911	21	202	243	1	1	4
LIDC-IDRI-0913	80	125	324	1	1	5
LIDC-IDRI-0914	159	81	296	1	1	1
LIDC-IDRI-0921	69	143	300	1	1	5
LIDC-IDRI-0922	53	356	334	1	1	4
LIDC-IDRI-0924	34	245	305	1	1	1
LIDC-IDRI-0925	135	430	369	1	1	4
LIDC-IDRI-0929	181	113	337	1	1	1
LIDC-IDRI-0933	66	155	324	1	1	1
LIDC-IDRI-0933	82	112	222	1	1	1
LIDC-IDRI-0936	76	136	291	1	1	4
LIDC-IDRI-0940	259	128	177	1	1	5
LIDC-IDRI-0942	101	104	299	1	1	1
LIDC-IDRI-0949	37	342	216	1	1	1
LIDC-IDRI-0951	159	111	225	1	1	1
LIDC-IDRI-0951	78	157	398	1	1	1
LIDC-IDRI-0956	78	114	342	1	1	1
LIDC-IDRI-0956	80	182	251	1	1	1
LIDC-IDRI-0961	29	141	330	1	1	1
LIDC-IDRI-0961	67	435	285	1	1	1
LIDC-IDRI-0965	142	142	291	1	1	4
LIDC-IDRI-0968	119	363	334	1	1	5
LIDC-IDRI-0973	147	182	397	1	1	4
LIDC-IDRI-0978	163	158	207	1	1	4
LIDC-IDRI-0980	38	364	383	1	1	5
LIDC-IDRI-0981	52	195	325	1	1	4
LIDC-IDRI-0982	53	185	286	1	1	4
LIDC-IDRI-0993	68	82	267	1	1	1
LIDC-IDRI-0997	112	330	368	1	1	1
LIDC-IDRI-0997	354	487	244	1	1	1
LIDC-IDRI-0999	50	108	221	1	1	1
LIDC-IDRI-1000	47	150	163	1	1	4
LIDC-IDRI-1002	70	220	293	1	1	4
LIDC-IDRI-1003	72	151	409	1	1	4
LIDC-IDRI-1004	150	395	194	1	1	5
LIDC-IDRI-1006	231	105	233	1	1	4
LIDC-IDRI-1011	47	213	167	1	1	4
