LIDC-IDRI-0001	63	213	158	0	0	0
LIDC-IDRI-0004	109	353	346	0	0	0
LIDC-IDRI-0004	110	350	333	0	0	0
LIDC-IDRI-0004	114	308	357	0	0	0
LIDC-IDRI-0004	171	326	344	0	0	0
LIDC-IDRI-0004	56	236	203	0	0	0
LIDC-IDRI-0004	77	201	167	0	0	0
LIDC-IDRI-0005	11	332	347	0	0	0
LIDC-IDRI-0006	37	217	132	0	0	0
LIDC-IDRI-0006	38	367	378	0	0	0
LIDC-IDRI-0006	67	207	114	0	0	0
LIDC-IDRI-0007	104	306	315	0	0	0
LIDC-IDRI-0007	104	365	353	0	0	0
LIDC-IDRI-0007	105	310	321	0	0	0
LIDC-IDRI-0007	112	215	328	0	0	0
LIDC-IDRI-0008	46	301	304	0	0	0
LIDC-IDRI-0011	24	345	199	0	0	0
LIDC-IDRI-0011	31	349	184	0	0	0
LIDC-IDRI-0011	46	346	366	0	0	0
LIDC-IDRI-0011	46	360	163	0	0	0
LIDC-IDRI-0012	86	389	188	0	0	0
LIDC-IDRI-0013	23	308	221	0	0	0
LIDC-IDRI-0013	29	320	193	0	0	0
LIDC-IDRI-0013	31	356	136	0	0	0
LIDC-IDRI-0013	56	239	84	0	0	0
LIDC-IDRI-0013	6	184	267	0	0	0
LIDC-IDRI-0013	73	196	138	0	0	0
LIDC-IDRI-0016	37	203	309	0	0	0
LIDC-IDRI-0017	142	344	139	0	0	0
LIDC-IDRI-0017	65	204	355	0	0	0
LIDC-IDRI-0018	22	220	346	0	0	0
LIDC-IDRI-0019	52	340	338	0	0	0
LIDC-IDRI-0021	47	164	213	0	0	0
LIDC-IDRI-0021	51	179	196	0	0	0
LIDC-IDRI-0021	84	367	160	0	0	0
LIDC-IDRI-0021	9	242	258	0	0	0
LIDC-IDRI-0022	11	326	347	0	0	0
LIDC-IDRI-0031	14	318	325	0	0	0
LIDC-IDRI-0031	15	326	316	0	0	0
LIDC-IDRI-0031	28	305	324	0	0	0
LIDC-IDRI-0031	32	303	324	0	0	0
LIDC-IDRI-0031	32	310	328	0	0	0
LIDC-IDRI-0031	35	306	296	0	0	0
LIDC-IDRI-0031	67	197	173	0	0	0
LIDC-IDRI-0032	25	216	252	0	0	0
LIDC-IDRI-0033	16	309	335	0	0	0
LIDC-IDRI-0033	67	301	317	0	0	0
LIDC-IDRI-0033	71	332	179	0	0	0
LIDC-IDRI-0035	50	225	348	0	0	0
LIDC-IDRI-0035	52	225	361	0	0	0
LIDC-IDRI-0035	67	216	382	0	0	0
LIDC-IDRI-0039	155	176	214	0	0	0
LIDC-IDRI-0039	163	176	201	0	0	0
LIDC-IDRI-0039	86	192	354	0	0	0
LIDC-IDRI-0039	88	191	349	0	0	0
LIDC-IDRI-0039	95	228	346	0	0	0
LIDC-IDRI-0040	96	412	351	0	0	0
LIDC-IDRI-0041	88	363	197	0	0	0
LIDC-IDRI-0044	103	348	396	0	0	0
LIDC-IDRI-0045	97	357	384	0	0	0
LIDC-IDRI-0046	80	176	385	0	0	0
LIDC-IDRI-0047	81	168	161	0	0	0
LIDC-IDRI-0047	82	164	168	0	0	0
LIDC-IDRI-0047	82	171	171	0	0	0
LIDC-IDRI-0047	85	157	170	0	0	0
LIDC-IDRI-0048	113	187	199	0	0	0
LIDC-IDRI-0048	162	330	346	0	0	0
LIDC-IDRI-0048	180	184	161	0	0	0
LIDC-IDRI-0048	183	195	154	0	0	0
LIDC-IDRI-0048	185	191	177	0	0	0
LIDC-IDRI-0048	191	158	231	0	0	0
LIDC-IDRI-0048	192	160	167	0	0	0
LIDC-IDRI-0048	194	166	173	0	0	0
LIDC-IDRI-0048	195	168	192	0	0	0
LIDC-IDRI-0048	218	359	336	0	0	0
LIDC-IDRI-0049	20	217	330	0	0	0
LIDC-IDRI-0049	30	239	316	0	0	0
LIDC-IDRI-0049	36	235	323	0	0	0
LIDC-IDRI-0049	54	160	368	0	0	0
LIDC-IDRI-0049	63	148	231	0	0	0
LIDC-IDRI-0049	79	159	370	0	0	0
LIDC-IDRI-0049	94	197	347	0	0	0
LIDC-IDRI-0052	150	185	173	0	0	0
LIDC-IDRI-0052	150	188	181	0	0	0
LIDC-IDRI-0052	161	168	173	0	0	0
LIDC-IDRI-0056	151	335	333	0	0	0
LIDC-IDRI-0056	171	200	169	0	0	0
LIDC-IDRI-0056	81	198	324	0	0	0
LIDC-IDRI-0058	84	330	390	0	0	0
LIDC-IDRI-0058	89	328	388	0	0	0
LIDC-IDRI-0060	44	266	159	0	0	0
LIDC-IDRI-0060	45	181	213	0	0	0
LIDC-IDRI-0060	46	160	195	0	0	0
LIDC-IDRI-0060	46	168	196	0	0	0
LIDC-IDRI-0060	51	160	200	0	0	0
LIDC-IDRI-0060	55	188	190	0	0	0
LIDC-IDRI-0060	59	155	296	0	0	0
LIDC-IDRI-0060	62	341	171	0	0	0
LIDC-IDRI-0060	64	343	156	0	0	0
LIDC-IDRI-0065	108	320	198	0	0	0
LIDC-IDRI-0065	99	365	181	0	0	0
LIDC-IDRI-0068	20	197	265	0	0	0
LIDC-IDRI-0071	185	211	153	0	0	0
LIDC-IDRI-0071	68	301	321	0	0	0
LIDC-IDRI-0071	74	213	328	0	0	0
LIDC-IDRI-0072	169	203	144	0	0	0
LIDC-IDRI-0073	71	182	352	0	0	0
LIDC-IDRI-0074	12	319	308	0	0	0
LIDC-IDRI-0074	64	212	176	0	0	0
LIDC-IDRI-0075	106	160	188	0	0	0
LIDC-IDRI-0075	136	190	185	0	0	0
LIDC-IDRI-0075	146	237	156	0	0	0
LIDC-IDRI-0075	158	313	368	0	0	0
LIDC-IDRI-0075	164	220	167	0	0	0
LIDC-IDRI-0075	200	354	357	0	0	0
LIDC-IDRI-0075	206	357	357	0	0	0
LIDC-IDRI-0075	64	207	344	0	0	0
LIDC-IDRI-0075	70	217	338	0	0	0
LIDC-IDRI-0075	78	188	336	0	0	0
LIDC-IDRI-0076	47	311	325	0	0	0
LIDC-IDRI-0081	49	225	328	0	0	0
LIDC-IDRI-0081	8	330	315	0	0	0
LIDC-IDRI-0084	129	150	405	0	0	0
LIDC-IDRI-0084	132	193	155	0	0	0
LIDC-IDRI-0084	76	382	302	0	0	0
LIDC-IDRI-0084	87	181	193	0	0	0
LIDC-IDRI-0087	28	191	210	0	0	0
LIDC-IDRI-0087	37	211	202	0	0	0
LIDC-IDRI-0087	38	209	220	0	0	0
LIDC-IDRI-0087	40	208	200	0	0	0
LIDC-IDRI-0087	42	217	206	0	0	0
LIDC-IDRI-0088	102	331	369	0	0	0
LIDC-IDRI-0088	102	356	372	0	0	0
LIDC-IDRI-0088	103	365	372	0	0	0
LIDC-IDRI-0088	104	361	194	0	0	0
LIDC-IDRI-0088	116	367	195	0	0	0
LIDC-IDRI-0088	135	392	360	0	0	0
LIDC-IDRI-0090	10	346	349	0	0	0
LIDC-IDRI-0090	35	207	312	0	0	0
LIDC-IDRI-0090	38	271	200	0	0	0
LIDC-IDRI-0090	6	319	325	0	0	0
LIDC-IDRI-0097	131	142	163	0	0	0
LIDC-IDRI-0097	138	154	142	0	0	0
LIDC-IDRI-0097	143	163	144	0	0	0
LIDC-IDRI-0097	146	171	143	0	0	0
LIDC-IDRI-0105	35	286	210	0	0	0
LIDC-IDRI-0105	36	194	178	0	0	0
LIDC-IDRI-0105	36	285	188	0	0	0
LIDC-IDRI-0105	36	306	368	0	0	0
LIDC-IDRI-0113	29	236	297	0	0	0
LIDC-IDRI-0113	41	216	344	0	0	0
LIDC-IDRI-0113	45	208	187	0	0	0
LIDC-IDRI-0113	46	212	195	0	0	0
LIDC-IDRI-0113	53	184	184	0	0	0
LIDC-IDRI-0117	50	312	314	0	0	0
LIDC-IDRI-0117	56	339	290	0	0	0
LIDC-IDRI-0117	60	359	346	0	0	0
LIDC-IDRI-0117	79	210	140	0	0	0
LIDC-IDRI-0122	77	163	146	0	0	0
LIDC-IDRI-0124	70	282	284	0	0	0
LIDC-IDRI-0133	144	150	177	0	0	0
LIDC-IDRI-0133	147	156	171	0	0	0
LIDC-IDRI-0133	161	342	350	0	0	0
LIDC-IDRI-0133	86	174	353	0	0	0
LIDC-IDRI-0135	48	349	178	0	0	0
LIDC-IDRI-0136	10	316	296	0	0	0
LIDC-IDRI-0136	20	187	292	0	0	0
LIDC-IDRI-0136	24	289	317	0	0	0
LIDC-IDRI-0136	26	175	233	0	0	0
LIDC-IDRI-0136	29	204	210	0	0	0
LIDC-IDRI-0136	46	181	341	0	0	0
LIDC-IDRI-0136	50	197	312	0	0	0
LIDC-IDRI-0136	50	331	315	0	0	0
LIDC-IDRI-0136	52	311	325	0	0	0
LIDC-IDRI-0136	55	319	318	0	0	0
LIDC-IDRI-0136	56	316	340	0	0	0
LIDC-IDRI-0136	58	307	316	0	0	0
LIDC-IDRI-0136	60	295	339	0	0	0
LIDC-IDRI-0136	9	307	295	0	0	0
LIDC-IDRI-0139	37	183	195	0	0	0
LIDC-IDRI-0139	54	193	164	0	0	0
LIDC-IDRI-0139	60	363	270	0	0	0
LIDC-IDRI-0139	71	158	317	0	0	0
LIDC-IDRI-0140	130	232	326	0	0	0
LIDC-IDRI-0140	137	212	361	0	0	0
LIDC-IDRI-0140	140	191	390	0	0	0
LIDC-IDRI-0140	173	117	169	0	0	0
LIDC-IDRI-0140	195	290	125	0	0	0
LIDC-IDRI-0140	201	125	155	0	0	0
LIDC-IDRI-0140	203	402	118	0	0	0
LIDC-IDRI-0140	213	367	117	0	0	0
LIDC-IDRI-0140	272	173	175	0	0	0
LIDC-IDRI-0150	6	287	294	0	0	0
LIDC-IDRI-0150	6	313	297	0	0	0
LIDC-IDRI-0150	62	355	118	0	0	0
LIDC-IDRI-0150	63	187	147	0	0	0
LIDC-IDRI-0150	64	143	408	0	0	0
LIDC-IDRI-0150	70	355	404	0	0	0
LIDC-IDRI-0150	73	381	186	0	0	0
LIDC-IDRI-0150	9	305	328	0	0	0
LIDC-IDRI-0154	58	112	189	0	0	0
LIDC-IDRI-0154	59	346	112	0	0	0
LIDC-IDRI-0154	74	324	323	0	0	0
LIDC-IDRI-0154	76	151	157	0	0	0
LIDC-IDRI-0155	111	344	365	0	0	0
LIDC-IDRI-0155	114	362	318	0	0	0
LIDC-IDRI-0155	73	350	362	0	0	0
LIDC-IDRI-0155	79	345	356	0	0	0
LIDC-IDRI-0164	106	209	357	0	0	0
LIDC-IDRI-0164	107	212	362	0	0	0
LIDC-IDRI-0164	134	310	175	0	0	0
LIDC-IDRI-0164	75	309	350	0	0	0
LIDC-IDRI-0173	13	345	340	0	0	0
LIDC-IDRI-0173	13	352	348	0	0	0
LIDC-IDRI-0173	35	375	383	0	0	0
LIDC-IDRI-0173	51	208	409	0	0	0
LIDC-IDRI-0173	90	415	188	0	0	0
LIDC-IDRI-0173	95	353	362	0	0	0
LIDC-IDRI-0180	106	199	345	0	0	0
LIDC-IDRI-0180	125	157	283	0	0	0
LIDC-IDRI-0180	129	154	286	0	0	0
LIDC-IDRI-0180	79	219	325	0	0	0
LIDC-IDRI-0180	96	165	306	0	0	0
LIDC-IDRI-0182	12	311	297	0	0	0
LIDC-IDRI-0182	42	198	365	0	0	0
LIDC-IDRI-0182	45	198	323	0	0	0
LIDC-IDRI-0183	86	414	329	0	0	0
LIDC-IDRI-0183	90	355	390	0	0	0
LIDC-IDRI-0186	25	168	181	0	0	0
LIDC-IDRI-0186	58	222	145	0	0	0
LIDC-IDRI-0186	58	350	124	0	0	0
LIDC-IDRI-0186	62	331	129	0	0	0
LIDC-IDRI-0189	10	326	309	0	0	0
LIDC-IDRI-0189	63	209	400	0	0	0
LIDC-IDRI-0189	79	314	322	0	0	0
LIDC-IDRI-0189	83	301	323	0	0	0
LIDC-IDRI-0191	43	204	356	0	0	0
LIDC-IDRI-0191	56	294	383	0	0	0
LIDC-IDRI-0191	58	358	371	0	0	0
LIDC-IDRI-0191	67	202	205	0	0	0
LIDC-IDRI-0191	8	324	338	0	0	0
LIDC-IDRI-0192	159	189	351	0	0	0
LIDC-IDRI-0193	87	305	343	0	0	0
LIDC-IDRI-0193	91	153	362	0	0	0
LIDC-IDRI-0194	107	124	127	0	0	0
LIDC-IDRI-0194	11	333	312	0	0	0
LIDC-IDRI-0194	13	329	323	0	0	0
LIDC-IDRI-0194	9	318	312	0	0	0
LIDC-IDRI-0203	46	174	360	0	0	0
LIDC-IDRI-0203	73	197	151	0	0	0
LIDC-IDRI-0203	75	233	138	0	0	0
LIDC-IDRI-0203	96	155	169	0	0	0
LIDC-IDRI-0204	88	171	158	0	0	0
LIDC-IDRI-0206	144	138	164	0	0	0
LIDC-IDRI-0209	38	318	348	0	0	0
LIDC-IDRI-0209	39	214	365	0	0	0
LIDC-IDRI-0209	39	322	346	0	0	0
LIDC-IDRI-0209	53	316	366	0	0	0
LIDC-IDRI-0209	56	341	378	0	0	0
LIDC-IDRI-0209	61	184	331	0	0	0
LIDC-IDRI-0209	64	201	376	0	0	0
LIDC-IDRI-0219	79	180	366	0	0	0
LIDC-IDRI-0222	55	318	373	0	0	0
LIDC-IDRI-0222	77	182	392	0	0	0
LIDC-IDRI-0222	85	173	379	0	0	0
LIDC-IDRI-0223	113	297	180	0	0	0
LIDC-IDRI-0223	113	310	188	0	0	0
LIDC-IDRI-0223	114	316	188	0	0	0
LIDC-IDRI-0223	122	343	361	0	0	0
LIDC-IDRI-0223	144	332	363	0	0	0
LIDC-IDRI-0223	151	334	354	0	0	0
LIDC-IDRI-0223	45	303	297	0	0	0
LIDC-IDRI-0224	55	232	168	0	0	0
LIDC-IDRI-0227	53	334	365	0	0	0
LIDC-IDRI-0227	59	168	367	0	0	0
LIDC-IDRI-0227	59	319	367	0	0	0
LIDC-IDRI-0227	59	344	368	0	0	0
LIDC-IDRI-0228	29	209	369	0	0	0
LIDC-IDRI-0228	70	150	395	0	0	0
LIDC-IDRI-0228	73	374	391	0	0	0
LIDC-IDRI-0228	75	129	391	0	0	0
LIDC-IDRI-0228	75	379	388	0	0	0
LIDC-IDRI-0233	20	320	368	0	0	0
LIDC-IDRI-0241	198	152	406	0	0	0
LIDC-IDRI-0241	205	209	188	0	0	0
LIDC-IDRI-0241	213	163	399	0	0	0
LIDC-IDRI-0241	229	386	373	0	0	0
LIDC-IDRI-0241	81	342	336	0	0	0
LIDC-IDRI-0252	106	314	365	0	0	0
LIDC-IDRI-0252	94	217	200	0	0	0
LIDC-IDRI-0257	43	314	310	0	0	0
LIDC-IDRI-0257	44	322	307	0	0	0
LIDC-IDRI-0257	51	200	166	0	0	0
LIDC-IDRI-0258	28	211	302	0	0	0
LIDC-IDRI-0260	54	367	369	0	0	0
LIDC-IDRI-0260	58	362	362	0	0	0
LIDC-IDRI-0261	42	169	186	0	0	0
LIDC-IDRI-0261	49	223	191	0	0	0
LIDC-IDRI-0261	66	165	172	0	0	0
LIDC-IDRI-0261	74	374	218	0	0	0
LIDC-IDRI-0261	76	379	204	0	0	0
LIDC-IDRI-0264	123	223	364	0	0	0
LIDC-IDRI-0264	131	220	361	0	0	0
LIDC-IDRI-0264	146	156	244	0	0	0
LIDC-IDRI-0264	146	178	241	0	0	0
LIDC-IDRI-0285	14	306	305	0	0	0
LIDC-IDRI-0285	30	289	245	0	0	0
LIDC-IDRI-0285	65	327	179	0	0	0
LIDC-IDRI-0287	10	313	307	0	0	0
LIDC-IDRI-0290	80	197	204	0	0	0
LIDC-IDRI-0290	82	194	204	0	0	0
LIDC-IDRI-0291	100	223	171	0	0	0
LIDC-IDRI-0291	108	173	166	0	0	0
LIDC-IDRI-0291	122	193	346	0	0	0
LIDC-IDRI-0291	35	299	215	0	0	0
LIDC-IDRI-0292	274	140	122	0	0	0
LIDC-IDRI-0292	419	370	348	0	0	0
LIDC-IDRI-0299	108	306	352	0	0	0
LIDC-IDRI-0299	112	295	337	0	0	0
LIDC-IDRI-0299	112	337	351	0	0	0
LIDC-IDRI-0299	97	306	341	0	0	0
LIDC-IDRI-0301	367	194	155	0	0	0
LIDC-IDRI-0301	50	318	312	0	0	0
LIDC-IDRI-0301	64	288	317	0	0	0
LIDC-IDRI-0305	37	319	201	0	0	0
LIDC-IDRI-0308	214	333	373	0	0	0
LIDC-IDRI-0308	225	119	363	0	0	0
LIDC-IDRI-0308	258	146	384	0	0	0
LIDC-IDRI-0308	296	187	389	0	0	0
LIDC-IDRI-0308	301	153	394	0	0	0
LIDC-IDRI-0308	322	195	382	0	0	0
LIDC-IDRI-0314	111	215	218	0	0	0
LIDC-IDRI-0314	167	178	234	0	0	0
LIDC-IDRI-0314	64	215	338	0	0	0
LIDC-IDRI-0321	100	301	179	0	0	0
LIDC-IDRI-0321	104	304	173	0	0	0
LIDC-IDRI-0321	105	220	187	0	0	0
LIDC-IDRI-0321	106	234	180	0	0	0
LIDC-IDRI-0321	123	352	203	0	0	0
LIDC-IDRI-0321	124	366	179	0	0	0
LIDC-IDRI-0321	130	352	199	0	0	0
LIDC-IDRI-0321	136	350	180	0	0	0
LIDC-IDRI-0321	144	225	180	0	0	0
LIDC-IDRI-0321	178	367	391	0	0	0
LIDC-IDRI-0321	25	297	306	0	0	0
LIDC-IDRI-0321	37	220	340	0	0	0
LIDC-IDRI-0321	58	273	204	0	0	0
LIDC-IDRI-0321	84	274	182	0	0	0
LIDC-IDRI-0321	92	225	201	0	0	0
LIDC-IDRI-0322	24	346	169	0	0	0
LIDC-IDRI-0322	32	358	147	0	0	0
LIDC-IDRI-0322	61	326	405	0	0	0
LIDC-IDRI-0322	77	110	386	0	0	0
LIDC-IDRI-0322	77	156	404	0	0	0
LIDC-IDRI-0322	96	309	311	0	0	0
LIDC-IDRI-0325	109	414	276	0	0	0
LIDC-IDRI-0325	169	416	251	0	0	0
LIDC-IDRI-0325	185	140	183	0	0	0
LIDC-IDRI-0325	186	416	273	0	0	0
LIDC-IDRI-0325	193	163	171	0	0	0
LIDC-IDRI-0326	105	293	135	0	0	0
LIDC-IDRI-0329	74	211	107	0	0	0
LIDC-IDRI-0329	75	230	112	0	0	0
LIDC-IDRI-0333	154	206	158	0	0	0
LIDC-IDRI-0333	161	214	149	0	0	0
LIDC-IDRI-0333	162	151	148	0	0	0
LIDC-IDRI-0333	34	228	322	0	0	0
LIDC-IDRI-0333	63	214	357	0	0	0
LIDC-IDRI-0333	64	190	366	0	0	0
LIDC-IDRI-0334	13	309	324	0	0	0
LIDC-IDRI-0334	13	323	327	0	0	0
LIDC-IDRI-0334	34	190	358	0	0	0
LIDC-IDRI-0334	58	156	395	0	0	0
LIDC-IDRI-0336	57	315	162	0	0	0
LIDC-IDRI-0336	71	156	139	0	0	0
LIDC-IDRI-0336	72	166	139	0	0	0
LIDC-IDRI-0336	80	372	167	0	0	0
LIDC-IDRI-0336	82	378	165	0	0	0
LIDC-IDRI-0336	98	347	341	0	0	0
LIDC-IDRI-0341	108	389	331	0	0	0
LIDC-IDRI-0341	137	367	145	0	0	0
LIDC-IDRI-0341	140	351	355	0	0	0
LIDC-IDRI-0341	143	347	371	0	0	0
LIDC-IDRI-0341	172	306	297	0	0	0
LIDC-IDRI-0341	179	346	377	0	0	0
LIDC-IDRI-0341	95	291	160	0	0	0
LIDC-IDRI-0350	120	173	411	0	0	0
LIDC-IDRI-0350	175	172	127	0	0	0
LIDC-IDRI-0350	21	279	323	0	0	0
LIDC-IDRI-0350	64	198	384	0	0	0
LIDC-IDRI-0350	67	392	361	0	0	0
LIDC-IDRI-0350	9	321	333	0	0	0
LIDC-IDRI-0353	150	311	165	0	0	0
LIDC-IDRI-0353	181	213	170	0	0	0
LIDC-IDRI-0353	197	183	385	0	0	0
LIDC-IDRI-0353	198	188	392	0	0	0
LIDC-IDRI-0360	125	167	191	0	0	0
LIDC-IDRI-0366	68	140	164	0	0	0
LIDC-IDRI-0368	31	180	170	0	0	0
LIDC-IDRI-0368	35	186	129	0	0	0
LIDC-IDRI-0368	60	101	150	0	0	0
LIDC-IDRI-0368	79	186	142	0	0	0
LIDC-IDRI-0370	134	338	151	0	0	0
LIDC-IDRI-0370	210	155	351	0	0	0
LIDC-IDRI-0370	219	210	156	0	0	0
LIDC-IDRI-0370	332	366	377	0	0	0
LIDC-IDRI-0370	343	360	378	0	0	0
LIDC-IDRI-0372	130	203	160	0	0	0
LIDC-IDRI-0372	130	222	169	0	0	0
LIDC-IDRI-0372	147	208	178	0	0	0
LIDC-IDRI-0375	210	364	359	0	0	0
LIDC-IDRI-0375	316	212	174	0	0	0
LIDC-IDRI-0375	340	183	156	0	0	0
LIDC-IDRI-0376	229	150	358	0	0	0
LIDC-IDRI-0376	249	164	360	0	0	0
LIDC-IDRI-0376	359	131	376	0	0	0
LIDC-IDRI-0378	11	285	307	0	0	0
LIDC-IDRI-0378	11	308	323	0	0	0
LIDC-IDRI-0378	27	379	363	0	0	0
LIDC-IDRI-0378	56	318	108	0	0	0
LIDC-IDRI-0378	56	342	112	0	0	0
LIDC-IDRI-0378	59	318	101	0	0	0
LIDC-IDRI-0378	63	107	165	0	0	0
LIDC-IDRI-0378	67	131	154	0	0	0
LIDC-IDRI-0378	73	111	376	0	0	0
LIDC-IDRI-0378	9	306	299	0	0	0
LIDC-IDRI-0379	41	200	169	0	0	0
LIDC-IDRI-0385	291	221	127	0	0	0
LIDC-IDRI-0385	42	308	306	0	0	0
LIDC-IDRI-0385	53	313	290	0	0	0
LIDC-IDRI-0385	59	313	289	0	0	0
LIDC-IDRI-0391	104	388	127	0	0	0
LIDC-IDRI-0392	181	321	357	0	0	0
LIDC-IDRI-0393	106	299	401	0	0	0
LIDC-IDRI-0393	109	192	164	0	0	0
LIDC-IDRI-0393	156	295	398	0	0	0
LIDC-IDRI-0393	64	208	368	0	0	0
LIDC-IDRI-0410	44	297	155	0	0	0
LIDC-IDRI-0410	59	220	167	0	0	0
LIDC-IDRI-0410	63	200	192	0	0	0
LIDC-IDRI-0410	73	208	191	0	0	0
LIDC-IDRI-0411	320	218	171	0	0	0
LIDC-IDRI-0411	337	161	387	0	0	0
LIDC-IDRI-0411	337	161	389	0	0	0
LIDC-IDRI-0411	343	356	382	0	0	0
LIDC-IDRI-0411	343	357	382	0	0	0
LIDC-IDRI-0411	344	208	182	0	0	0
LIDC-IDRI-0411	345	164	386	0	0	0
LIDC-IDRI-0411	354	205	182	0	0	0
LIDC-IDRI-0411	96	285	277	0	0	0
LIDC-IDRI-0411	96	287	276	0	0	0
LIDC-IDRI-0413	119	186	149	0	0	0
LIDC-IDRI-0413	131	338	349	0	0	0
LIDC-IDRI-0413	79	208	145	0	0	0
LIDC-IDRI-0413	82	298	148	0	0	0
LIDC-IDRI-0413	95	144	159	0	0	0
LIDC-IDRI-0422	101	357	337	0	0	0
LIDC-IDRI-0422	184	206	212	0	0	0
LIDC-IDRI-0422	186	219	224	0	0	0
LIDC-IDRI-0422	37	303	202	0	0	0
LIDC-IDRI-0422	47	346	197	0	0	0
LIDC-IDRI-0422	59	341	207	0	0	0
LIDC-IDRI-0422	64	342	210	0	0	0
LIDC-IDRI-0431	108	360	185	0	0	0
LIDC-IDRI-0431	66	165	170	0	0	0
LIDC-IDRI-0431	9	290	303	0	0	0
LIDC-IDRI-0431	98	339	165	0	0	0
LIDC-IDRI-0438	255	313	127	0	0	0
LIDC-IDRI-0438	265	306	125	0	0	0
LIDC-IDRI-0438	309	338	119	0	0	0
LIDC-IDRI-0438	365	198	139	0	0	0
LIDC-IDRI-0438	475	398	117	0	0	0
LIDC-IDRI-0440	152	315	147	0	0	0
LIDC-IDRI-0440	205	349	141	0	0	0
LIDC-IDRI-0440	231	360	140	0	0	0
LIDC-IDRI-0440	87	273	264	0	0	0
LIDC-IDRI-0443	159	181	313	0	0	0
LIDC-IDRI-0443	208	122	193	0	0	0
LIDC-IDRI-0443	272	357	153	0	0	0
LIDC-IDRI-0443	276	313	138	0	0	0
LIDC-IDRI-0443	278	338	147	0	0	0
LIDC-IDRI-0443	282	336	145	0	0	0
LIDC-IDRI-0443	313	249	133	0	0	0
LIDC-IDRI-0443	362	359	140	0	0	0
LIDC-IDRI-0443	73	207	307	0	0	0
LIDC-IDRI-0443	76	187	168	0	0	0
LIDC-IDRI-0449	37	356	191	0	0	0
LIDC-IDRI-0449	41	221	207	0	0	0
LIDC-IDRI-0449	70	324	393	0	0	0
LIDC-IDRI-0449	72	162	410	0	0	0
LIDC-IDRI-0449	74	389	152	0	0	0
LIDC-IDRI-0449	9	304	326	0	0	0
LIDC-IDRI-0450	125	221	359	0	0	0
LIDC-IDRI-0450	66	203	132	0	0	0
LIDC-IDRI-0454	163	162	259	0	0	0
LIDC-IDRI-0454	173	200	359	0	0	0
LIDC-IDRI-0454	176	204	350	0	0	0
LIDC-IDRI-0454	52	210	344	0	0	0
LIDC-IDRI-0454	68	224	393	0	0	0
LIDC-IDRI-0465	27	354	198	0	0	0
LIDC-IDRI-0465	42	370	177	0	0	0
LIDC-IDRI-0465	61	300	152	0	0	0
LIDC-IDRI-0465	74	136	394	0	0	0
LIDC-IDRI-0466	123	272	151	0	0	0
LIDC-IDRI-0466	156	169	393	0	0	0
LIDC-IDRI-0466	163	184	165	0	0	0
LIDC-IDRI-0466	164	174	161	0	0	0
LIDC-IDRI-0466	168	327	312	0	0	0
LIDC-IDRI-0468	114	246	207	0	0	0
LIDC-IDRI-0468	199	359	321	0	0	0
LIDC-IDRI-0471	104	313	391	0	0	0
LIDC-IDRI-0471	105	177	376	0	0	0
LIDC-IDRI-0471	107	324	379	0	0	0
LIDC-IDRI-0471	84	171	401	0	0	0
LIDC-IDRI-0477	104	157	391	0	0	0
LIDC-IDRI-0477	167	185	135	0	0	0
LIDC-IDRI-0477	171	179	139	0	0	0
LIDC-IDRI-0485	177	365	341	0	0	0
LIDC-IDRI-0487	239	181	77	0	0	0
LIDC-IDRI-0488	149	260	157	0	0	0
LIDC-IDRI-0488	179	199	142	0	0	0
LIDC-IDRI-0488	216	220	140	0	0	0
LIDC-IDRI-0488	221	222	135	0	0	0
LIDC-IDRI-0491	129	317	407	0	0	0
LIDC-IDRI-0491	266	163	163	0	0	0
LIDC-IDRI-0491	266	165	164	0	0	0
LIDC-IDRI-0491	369	319	350	0	0	0
LIDC-IDRI-0491	376	147	387	0	0	0
LIDC-IDRI-0491	39	341	322	0	0	0
LIDC-IDRI-0491	47	350	309	0	0	0
LIDC-IDRI-0491	56	332	344	0	0	0
LIDC-IDRI-0491	60	307	361	0	0	0
LIDC-IDRI-0491	65	376	320	0	0	0
LIDC-IDRI-0491	69	352	364	0	0	0
LIDC-IDRI-0491	80	384	345	0	0	0
LIDC-IDRI-0491	84	340	381	0	0	0
LIDC-IDRI-0493	111	189	340	0	0	0
LIDC-IDRI-0493	125	182	359	0	0	0
LIDC-IDRI-0493	126	182	358	0	0	0
LIDC-IDRI-0493	44	212	278	0	0	0
LIDC-IDRI-0493	47	210	276	0	0	0
LIDC-IDRI-0493	51	212	279	0	0	0
LIDC-IDRI-0494	56	156	402	0	0	0
LIDC-IDRI-0494	56	177	400	0	0	0
LIDC-IDRI-0494	59	157	403	0	0	0
LIDC-IDRI-0494	65	174	402	0	0	0
LIDC-IDRI-0494	66	379	392	0	0	0
LIDC-IDRI-0494	72	158	401	0	0	0
LIDC-IDRI-0494	76	224	129	0	0	0
LIDC-IDRI-0494	76	351	395	0	0	0
LIDC-IDRI-0494	78	350	394	0	0	0
LIDC-IDRI-0494	79	153	396	0	0	0
LIDC-IDRI-0494	84	354	389	0	0	0
LIDC-IDRI-0494	85	114	135	0	0	0
LIDC-IDRI-0496	102	203	383	0	0	0
LIDC-IDRI-0496	136	357	152	0	0	0
LIDC-IDRI-0496	174	217	150	0	0	0
LIDC-IDRI-0496	186	128	125	0	0	0
LIDC-IDRI-0496	60	193	361	0	0	0
LIDC-IDRI-0502	10	330	323	0	0	0
LIDC-IDRI-0504	58	189	127	0	0	0
LIDC-IDRI-0511	35	337	167	0	0	0
LIDC-IDRI-0511	67	228	154	0	0	0
LIDC-IDRI-0511	9	322	315	0	0	0
LIDC-IDRI-0512	11	330	343	0	0	0
LIDC-IDRI-0512	24	333	393	0	0	0
LIDC-IDRI-0512	33	296	178	0	0	0
LIDC-IDRI-0512	82	384	170	0	0	0
LIDC-IDRI-0512	84	398	162	0	0	0
LIDC-IDRI-0512	85	380	159	0	0	0
LIDC-IDRI-0512	86	404	158	0	0	0
LIDC-IDRI-0512	9	303	324	0	0	0
LIDC-IDRI-0513	44	330	339	0	0	0
LIDC-IDRI-0513	51	365	346	0	0	0
LIDC-IDRI-0515	216	314	328	0	0	0
LIDC-IDRI-0516	6	315	320	0	0	0
LIDC-IDRI-0516	62	190	151	0	0	0
LIDC-IDRI-0516	8	331	341	0	0	0
LIDC-IDRI-0518	31	329	330	0	0	0
LIDC-IDRI-0519	122	228	132	0	0	0
LIDC-IDRI-0519	153	361	208	0	0	0
LIDC-IDRI-0519	160	381	135	0	0	0
LIDC-IDRI-0520	302	230	139	0	0	0
LIDC-IDRI-0523	76	372	204	0	0	0
LIDC-IDRI-0523	91	374	200	0	0	0
LIDC-IDRI-0524	101	199	400	0	0	0
LIDC-IDRI-0524	125	352	425	0	0	0
LIDC-IDRI-0524	262	419	136	0	0	0
LIDC-IDRI-0524	271	170	140	0	0	0
LIDC-IDRI-0524	32	339	363	0	0	0
LIDC-IDRI-0524	59	333	389	0	0	0
LIDC-IDRI-0524	63	310	362	0	0	0
LIDC-IDRI-0526	32	350	225	0	0	0
LIDC-IDRI-0529	263	283	153	0	0	0
LIDC-IDRI-0529	278	286	154	0	0	0
LIDC-IDRI-0529	292	313	155	0	0	0
LIDC-IDRI-0529	303	243	146	0	0	0
LIDC-IDRI-0529	329	229	150	0	0	0
LIDC-IDRI-0529	344	223	143	0	0	0
LIDC-IDRI-0529	40	307	311	0	0	0
LIDC-IDRI-0529	407	151	140	0	0	0
LIDC-IDRI-0529	444	151	131	0	0	0
LIDC-IDRI-0535	101	352	284	0	0	0
LIDC-IDRI-0535	116	349	273	0	0	0
LIDC-IDRI-0535	85	360	292	0	0	0
LIDC-IDRI-0536	179	349	147	0	0	0
LIDC-IDRI-0536	363	176	135	0	0	0
LIDC-IDRI-0536	373	134	374	0	0	0
LIDC-IDRI-0547	102	137	369	0	0	0
LIDC-IDRI-0547	116	311	129	0	0	0
LIDC-IDRI-0547	121	399	327	0	0	0
LIDC-IDRI-0547	142	333	343	0	0	0
LIDC-IDRI-0547	65	345	193	0	0	0
LIDC-IDRI-0547	74	325	172	0	0	0
LIDC-IDRI-0547	80	301	188	0	0	0
LIDC-IDRI-0548	66	185	138	0	0	0
LIDC-IDRI-0548	82	410	149	0	0	0
LIDC-IDRI-0551	256	263	157	0	0	0
LIDC-IDRI-0551	256	326	149	0	0	0
LIDC-IDRI-0551	340	418	376	0	0	0
LIDC-IDRI-0551	352	133	154	0	0	0
LIDC-IDRI-0551	356	133	151	0	0	0
LIDC-IDRI-0551	521	348	392	0	0	0
LIDC-IDRI-0551	59	196	320	0	0	0
LIDC-IDRI-0552	101	100	146	0	0	0
LIDC-IDRI-0552	104	306	242	0	0	0
LIDC-IDRI-0552	105	114	135	0	0	0
LIDC-IDRI-0552	105	92	147	0	0	0
LIDC-IDRI-0552	109	306	298	0	0	0
LIDC-IDRI-0552	109	479	273	0	0	0
LIDC-IDRI-0552	110	229	274	0	0	0
LIDC-IDRI-0552	112	315	312	0	0	0
LIDC-IDRI-0552	115	153	342	0	0	0
LIDC-IDRI-0552	116	130	344	0	0	0
LIDC-IDRI-0552	16	172	310	0	0	0
LIDC-IDRI-0552	23	193	354	0	0	0
LIDC-IDRI-0552	27	115	327	0	0	0
LIDC-IDRI-0552	28	137	289	0	0	0
LIDC-IDRI-0552	39	321	174	0	0	0
LIDC-IDRI-0552	41	436	250	0	0	0
LIDC-IDRI-0552	47	109	195	0	0	0
LIDC-IDRI-0552	57	259	153	0	0	0
LIDC-IDRI-0552	99	259	253	0	0	0
LIDC-IDRI-0552	99	302	251	0	0	0
LIDC-IDRI-0552	99	309	236	0	0	0
LIDC-IDRI-0555	109	150	396	0	0	0
LIDC-IDRI-0555	136	362	385	0	0	0
LIDC-IDRI-0555	164	184	147	0	0	0
LIDC-IDRI-0555	164	214	146	0	0	0
LIDC-IDRI-0555	39	402	275	0	0	0
LIDC-IDRI-0556	219	123	375	0	0	0
LIDC-IDRI-0556	223	115	373	0	0	0
LIDC-IDRI-0556	232	155	396	0	0	0
LIDC-IDRI-0556	240	322	362	0	0	0
LIDC-IDRI-0556	71	180	319	0	0	0
LIDC-IDRI-0561	106	456	226	0	0	0
LIDC-IDRI-0561	120	60	288	0	0	0
LIDC-IDRI-0561	85	355	396	0	0	0
LIDC-IDRI-0561	94	340	390	0	0	0
LIDC-IDRI-0561	94	435	349	0	0	0
LIDC-IDRI-0563	38	215	358	0	0	0
LIDC-IDRI-0563	52	141	336	0	0	0
LIDC-IDRI-0563	52	168	343	0	0	0
LIDC-IDRI-0563	52	184	339	0	0	0
LIDC-IDRI-0563	58	111	325	0	0	0
LIDC-IDRI-0563	70	212	141	0	0	0
LIDC-IDRI-0564	103	133	218	0	0	0
LIDC-IDRI-0564	114	129	216	0	0	0
LIDC-IDRI-0564	142	164	156	0	0	0
LIDC-IDRI-0564	212	387	184	0	0	0
LIDC-IDRI-0564	229	196	172	0	0	0
LIDC-IDRI-0564	231	186	169	0	0	0
LIDC-IDRI-0564	241	149	167	0	0	0
LIDC-IDRI-0564	297	170	138	0	0	0
LIDC-IDRI-0564	302	418	203	0	0	0
LIDC-IDRI-0564	318	418	211	0	0	0
LIDC-IDRI-0567	21	200	346	0	0	0
LIDC-IDRI-0567	216	188	190	0	0	0
LIDC-IDRI-0567	31	204	368	0	0	0
LIDC-IDRI-0567	85	399	254	0	0	0
LIDC-IDRI-0568	110	316	366	0	0	0
LIDC-IDRI-0568	121	369	394	0	0	0
LIDC-IDRI-0568	22	328	312	0	0	0
LIDC-IDRI-0568	23	328	327	0	0	0
LIDC-IDRI-0568	40	314	336	0	0	0
LIDC-IDRI-0568	45	346	363	0	0	0
LIDC-IDRI-0568	49	176	284	0	0	0
LIDC-IDRI-0568	84	111	191	0	0	0
LIDC-IDRI-0568	84	155	245	0	0	0
LIDC-IDRI-0570	11	212	322	0	0	0
LIDC-IDRI-0570	16	313	350	0	0	0
LIDC-IDRI-0570	17	353	360	0	0	0
LIDC-IDRI-0570	18	114	316	0	0	0
LIDC-IDRI-0570	20	189	189	0	0	0
LIDC-IDRI-0570	23	387	357	0	0	0
LIDC-IDRI-0570	39	165	283	0	0	0
LIDC-IDRI-0570	79	223	161	0	0	0
LIDC-IDRI-0570	86	388	215	0	0	0
LIDC-IDRI-0571	10	205	337	0	0	0
LIDC-IDRI-0571	10	330	349	0	0	0
LIDC-IDRI-0571	15	220	339	0	0	0
LIDC-IDRI-0571	18	215	350	0	0	0
LIDC-IDRI-0571	25	176	378	0	0	0
LIDC-IDRI-0571	27	166	368	0	0	0
LIDC-IDRI-0571	4	193	315	0	0	0
LIDC-IDRI-0571	5	195	302	0	0	0
LIDC-IDRI-0571	5	197	329	0	0	0
LIDC-IDRI-0571	57	128	174	0	0	0
LIDC-IDRI-0571	6	330	316	0	0	0
LIDC-IDRI-0571	6	331	301	0	0	0
LIDC-IDRI-0571	6	344	315	0	0	0
LIDC-IDRI-0571	62	185	178	0	0	0
LIDC-IDRI-0571	64	122	163	0	0	0
LIDC-IDRI-0571	66	193	134	0	0	0
LIDC-IDRI-0571	66	404	171	0	0	0
LIDC-IDRI-0571	67	159	146	0	0	0
LIDC-IDRI-0571	67	380	174	0	0	0
LIDC-IDRI-0571	67	404	168	0	0	0
LIDC-IDRI-0571	69	158	141	0	0	0
LIDC-IDRI-0571	70	169	135	0	0	0
LIDC-IDRI-0571	70	190	151	0	0	0
LIDC-IDRI-0571	72	148	138	0	0	0
LIDC-IDRI-0571	72	386	157	0	0	0
LIDC-IDRI-0571	73	160	137	0	0	0
LIDC-IDRI-0571	73	191	139	0	0	0
LIDC-IDRI-0571	73	378	165	0	0	0
LIDC-IDRI-0571	75	146	134	0	0	0
LIDC-IDRI-0571	77	389	142	0	0	0
LIDC-IDRI-0575	11	329	260	0	0	0
LIDC-IDRI-0575	128	383	140	0	0	0
LIDC-IDRI-0575	133	174	359	0	0	0
LIDC-IDRI-0575	15	200	265	0	0	0
LIDC-IDRI-0575	16	209	274	0	0	0
LIDC-IDRI-0575	17	328	299	0	0	0
LIDC-IDRI-0575	174	127	269	0	0	0
LIDC-IDRI-0575	19	199	245	0	0	0
LIDC-IDRI-0575	259	432	167	0	0	0
LIDC-IDRI-0575	260	361	288	0	0	0
LIDC-IDRI-0575	271	341	277	0	0	0
LIDC-IDRI-0575	272	332	268	0	0	0
LIDC-IDRI-0575	28	139	259	0	0	0
LIDC-IDRI-0575	28	222	282	0	0	0
LIDC-IDRI-0575	287	86	255	0	0	0
LIDC-IDRI-0575	288	119	168	0	0	0
LIDC-IDRI-0575	289	87	265	0	0	0
LIDC-IDRI-0575	34	223	283	0	0	0
LIDC-IDRI-0575	54	122	244	0	0	0
LIDC-IDRI-0575	55	128	209	0	0	0
LIDC-IDRI-0580	148	212	150	0	0	0
LIDC-IDRI-0581	11	325	309	0	0	0
LIDC-IDRI-0581	12	185	330	0	0	0
LIDC-IDRI-0581	13	312	344	0	0	0
LIDC-IDRI-0581	18	170	354	0	0	0
LIDC-IDRI-0581	18	198	335	0	0	0
LIDC-IDRI-0581	19	189	351	0	0	0
LIDC-IDRI-0581	40	442	270	0	0	0
LIDC-IDRI-0581	54	388	310	0	0	0
LIDC-IDRI-0581	54	400	311	0	0	0
LIDC-IDRI-0581	54	426	316	0	0	0
LIDC-IDRI-0581	63	102	284	0	0	0
LIDC-IDRI-0581	72	324	104	0	0	0
LIDC-IDRI-0581	92	253	113	0	0	0
LIDC-IDRI-0582	118	211	390	0	0	0
LIDC-IDRI-0582	139	391	136	0	0	0
LIDC-IDRI-0582	227	121	112	0	0	0
LIDC-IDRI-0582	232	131	410	0	0	0
LIDC-IDRI-0582	257	359	443	0	0	0
LIDC-IDRI-0582	366	435	119	0	0	0
LIDC-IDRI-0582	401	461	331	0	0	0
LIDC-IDRI-0582	54	171	212	0	0	0
LIDC-IDRI-0583	245	89	390	0	0	0
LIDC-IDRI-0584	108	105	143	0	0	0
LIDC-IDRI-0584	11	204	310	0	0	0
LIDC-IDRI-0584	113	126	140	0	0	0
LIDC-IDRI-0584	114	145	133	0	0	0
LIDC-IDRI-0584	12	338	305	0	0	0
LIDC-IDRI-0584	123	438	168	0	0	0
LIDC-IDRI-0584	132	60	346	0	0	0
LIDC-IDRI-0584	29	176	208	0	0	0
LIDC-IDRI-0584	29	226	278	0	0	0
LIDC-IDRI-0584	30	142	374	0	0	0
LIDC-IDRI-0584	38	128	379	0	0	0
LIDC-IDRI-0584	50	339	160	0	0	0
LIDC-IDRI-0586	100	135	380	0	0	0
LIDC-IDRI-0586	12	386	310	0	0	0
LIDC-IDRI-0586	17	200	337	0	0	0
LIDC-IDRI-0586	27	192	170	0	0	0
LIDC-IDRI-0586	4	324	269	0	0	0
LIDC-IDRI-0586	5	203	260	0	0	0
LIDC-IDRI-0586	72	319	352	0	0	0
LIDC-IDRI-0586	82	191	262	0	0	0
LIDC-IDRI-0586	85	297	328	0	0	0
LIDC-IDRI-0586	89	220	334	0	0	0
LIDC-IDRI-0586	89	293	328	0	0	0
LIDC-IDRI-0586	95	153	387	0	0	0
LIDC-IDRI-0588	70	407	177	0	0	0
LIDC-IDRI-0588	71	384	203	0	0	0
LIDC-IDRI-0588	71	395	194	0	0	0
LIDC-IDRI-0588	71	400	186	0	0	0
LIDC-IDRI-0590	140	305	168	0	0	0
LIDC-IDRI-0590	142	139	268	0	0	0
LIDC-IDRI-0590	146	304	170	0	0	0
LIDC-IDRI-0590	166	282	161	0	0	0
LIDC-IDRI-0590	264	227	160	0	0	0
LIDC-IDRI-0590	287	408	217	0	0	0
LIDC-IDRI-0590	289	315	151	0	0	0
LIDC-IDRI-0590	296	216	176	0	0	0
LIDC-IDRI-0590	308	216	170	0	0	0
LIDC-IDRI-0590	341	127	216	0	0	0
LIDC-IDRI-0590	341	130	305	0	0	0
LIDC-IDRI-0590	341	144	268	0	0	0
LIDC-IDRI-0590	342	135	346	0	0	0
LIDC-IDRI-0590	343	128	335	0	0	0
LIDC-IDRI-0590	398	424	235	0	0	0
LIDC-IDRI-0590	408	424	234	0	0	0
LIDC-IDRI-0590	42	310	262	0	0	0
LIDC-IDRI-0590	455	233	347	0	0	0
LIDC-IDRI-0590	46	319	263	0	0	0
LIDC-IDRI-0590	51	208	259	0	0	0
LIDC-IDRI-0590	56	304	254	0	0	0
LIDC-IDRI-0590	57	205	273	0	0	0
LIDC-IDRI-0590	58	200	280	0	0	0
LIDC-IDRI-0592	134	214	167	0	0	0
LIDC-IDRI-0592	156	141	304	0	0	0
LIDC-IDRI-0592	170	423	308	0	0	0
LIDC-IDRI-0592	177	365	342	0	0	0
LIDC-IDRI-0592	177	411	337	0	0	0
LIDC-IDRI-0596	131	201	125	0	0	0
LIDC-IDRI-0596	133	205	135	0	0	0
LIDC-IDRI-0596	144	316	108	0	0	0
LIDC-IDRI-0596	153	387	178	0	0	0
LIDC-IDRI-0596	171	84	156	0	0	0
LIDC-IDRI-0596	183	108	148	0	0	0
LIDC-IDRI-0596	191	96	145	0	0	0
LIDC-IDRI-0596	50	189	284	0	0	0
LIDC-IDRI-0612	107	41	298	0	0	0
LIDC-IDRI-0612	110	408	163	0	0	0
LIDC-IDRI-0612	110	89	355	0	0	0
LIDC-IDRI-0612	114	417	168	0	0	0
LIDC-IDRI-0612	114	442	336	0	0	0
LIDC-IDRI-0612	117	75	349	0	0	0
LIDC-IDRI-0612	118	37	254	0	0	0
LIDC-IDRI-0612	118	39	233	0	0	0
LIDC-IDRI-0612	97	457	247	0	0	0
