LIDC-IDRI-0001	43	316	367	1	1	5
LIDC-IDRI-0004	165	142	323	1	1	1
LIDC-IDRI-0008	45	369	270	1	1	3
LIDC-IDRI-0009	89	304	324	1	1	2
LIDC-IDRI-0011	24	189	198	1	1	1
LIDC-IDRI-0011	34	329	361	1	1	2
LIDC-IDRI-0011	67	306	330	1	1	1
LIDC-IDRI-0011	69	400	188	1	1	1
LIDC-IDRI-0011	80	69	285	1	1	1
LIDC-IDRI-0011	93	357	272	1	1	1
LIDC-IDRI-0012	62	365	216	1	1	3
LIDC-IDRI-0013	34	192	145	1	1	5
LIDC-IDRI-0014	40	357	275	1	1	3
LIDC-IDRI-0015	31	315	255	1	1	4
LIDC-IDRI-0016	67	438	182	1	1	4
LIDC-IDRI-0018	18	364	310	1	1	4
LIDC-IDRI-0019	41	180	266	1	1	3
LIDC-IDRI-0021	22	180	289	1	1	2
LIDC-IDRI-0022	28	201	391	1	1	2
LIDC-IDRI-0027	21	322	335	1	1	3
LIDC-IDRI-0030	37	228	365	1	1	3
LIDC-IDRI-0031	44	155	356	1	1	3
LIDC-IDRI-0034	168	455	266	1	1	2
LIDC-IDRI-0035	18	299	340	1	1	3
LIDC-IDRI-0036	72	141	313	1	1	4
LIDC-IDRI-0038	80	425	261	1	1	3
LIDC-IDRI-0039	117	238	367	1	1	1
LIDC-IDRI-0039	148	252	299	1	1	1
LIDC-IDRI-0039	158	145	267	1	1	1
LIDC-IDRI-0040	54	120	231	1	1	3
LIDC-IDRI-0040	87	170	432	1	1	1
LIDC-IDRI-0041	101	321	337	1	1	4
LIDC-IDRI-0042	84	161	359	1	1	3
LIDC-IDRI-0043	22	139	307	1	1	4
LIDC-IDRI-0044	80	346	384	1	1	4
LIDC-IDRI-0045	87	337	367	1	1	4
LIDC-IDRI-0046	80	376	366	1	1	3
LIDC-IDRI-0047	56	142	284	1	1	4
LIDC-IDRI-0048	108	169	216	1	1	4
LIDC-IDRI-0049	64	345	174	1	1	1
LIDC-IDRI-0049	80	355	146	1	1	1
LIDC-IDRI-0049	96	123	345	1	1	2
LIDC-IDRI-0051	38	338	243	1	1	3
LIDC-IDRI-0052	236	168	310	1	1	5
LIDC-IDRI-0053	75	413	241	1	1	4
LIDC-IDRI-0054	48	402	289	1	1	4
LIDC-IDRI-0055	17	186	291	1	1	4
LIDC-IDRI-0056	165	305	304	1	1	3
LIDC-IDRI-0057	83	343	348	1	1	5
LIDC-IDRI-0058	27	370	329	1	1	4
LIDC-IDRI-0059	32	324	382	1	1	4
LIDC-IDRI-0060	37	388	251	1	1	5
LIDC-IDRI-0063	43	219	301	1	1	5
LIDC-IDRI-0064	22	196	308	1	1	4
LIDC-IDRI-0065	147	295	376	1	1	3
LIDC-IDRI-0069	96	168	369	1	1	3
LIDC-IDRI-0070	54	376	227	1	1	3
LIDC-IDRI-0072	49	177	267	1	1	5
LIDC-IDRI-0073	21	339	270	1	1	4
LIDC-IDRI-0073	75	306	330	1	1	1
LIDC-IDRI-0074	29	180	241	1	1	4
LIDC-IDRI-0075	97	184	319	1	1	5
LIDC-IDRI-0076	166	88	289	1	1	3
LIDC-IDRI-0078	19	341	245	1	1	4
LIDC-IDRI-0079	44	361	386	1	1	3
LIDC-IDRI-0081	28	136	328	1	1	4
LIDC-IDRI-0084	127	80	165	1	1	1
LIDC-IDRI-0084	50	88	302	1	1	3
LIDC-IDRI-0085	85	233	315	1	1	2
LIDC-IDRI-0086	146	429	286	1	1	3
LIDC-IDRI-0087	24	187	242	1	1	5
LIDC-IDRI-0088	59	400	313	1	1	2
LIDC-IDRI-0088	87	155	271	1	1	1
LIDC-IDRI-0090	33	119	284	1	1	3
LIDC-IDRI-0094	82	147	279	1	1	4
LIDC-IDRI-0095	136	365	234	1	1	4
LIDC-IDRI-0096	18	218	339	1	1	3
LIDC-IDRI-0097	132	148	279	1	1	3
LIDC-IDRI-0101	81	49	310	1	1	2
LIDC-IDRI-0102	100	438	338	1	1	3
LIDC-IDRI-0103	42	419	358	1	1	3
LIDC-IDRI-0104	68	150	222	1	1	4
LIDC-IDRI-0105	32	233	298	1	1	3
LIDC-IDRI-0106	78	99	229	1	1	1
LIDC-IDRI-0106	79	142	188	1	1	1
LIDC-IDRI-0106	90	96	405	1	1	3
LIDC-IDRI-0107	46	137	346	1	1	3
LIDC-IDRI-0108	99	140	180	1	1	5
LIDC-IDRI-0109	113	337	368	1	1	3
LIDC-IDRI-0110	77	95	378	1	1	3
LIDC-IDRI-0113	104	345	316	1	1	3
LIDC-IDRI-0114	90	125	281	1	1	3
LIDC-IDRI-0116	32	158	234	1	1	5
LIDC-IDRI-0117	63	346	350	1	1	3
LIDC-IDRI-0118	106	222	313	1	1	1
LIDC-IDRI-0118	108	379	245	1	1	1
LIDC-IDRI-0118	123	392	275	1	1	1
LIDC-IDRI-0118	171	204	222	1	1	1
LIDC-IDRI-0118	196	205	335	1	1	1
LIDC-IDRI-0118	198	133	336	1	1	1
LIDC-IDRI-0120	34	235	292	1	1	4
LIDC-IDRI-0121	116	287	166	1	1	4
LIDC-IDRI-0122	86	110	347	1	1	3
LIDC-IDRI-0123	69	366	340	1	1	3
LIDC-IDRI-0124	59	231	305	1	1	3
LIDC-IDRI-0127	43	367	353	1	1	2
LIDC-IDRI-0128	84	303	315	1	1	3
LIDC-IDRI-0129	147	406	219	1	1	2
LIDC-IDRI-0130	183	365	305	1	1	2
LIDC-IDRI-0132	27	414	368	1	1	4
LIDC-IDRI-0133	137	179	362	1	1	3
LIDC-IDRI-0139	71	303	371	1	1	4
LIDC-IDRI-0140	302	96	204	1	1	3
LIDC-IDRI-0141	193	119	194	1	1	3
LIDC-IDRI-0142	131	98	217	1	1	3
LIDC-IDRI-0142	235	161	352	1	1	1
LIDC-IDRI-0146	137	190	282	1	1	3
LIDC-IDRI-0148	48	167	341	1	1	5
LIDC-IDRI-0150	13	154	291	1	1	2
LIDC-IDRI-0151	41	409	301	1	1	4
LIDC-IDRI-0152	76	216	198	1	1	3
LIDC-IDRI-0153	56	216	209	1	1	4
LIDC-IDRI-0154	71	461	266	1	1	4
LIDC-IDRI-0155	171	165	239	1	1	3
LIDC-IDRI-0156	36	370	173	1	1	4
LIDC-IDRI-0157	78	413	311	1	1	2
LIDC-IDRI-0158	423	120	285	1	1	3
LIDC-IDRI-0158	512	247	234	1	1	1
LIDC-IDRI-0162	55	149	212	1	1	3
LIDC-IDRI-0164	86	238	303	1	1	3
LIDC-IDRI-0169	119	370	371	1	1	4
LIDC-IDRI-0170	67	154	280	1	1	4
LIDC-IDRI-0173	69	84	354	1	1	2
LIDC-IDRI-0175	49	410	243	1	1	3
LIDC-IDRI-0176	167	124	306	1	1	1
LIDC-IDRI-0176	85	135	358	1	1	3
LIDC-IDRI-0177	45	134	337	1	1	3
LIDC-IDRI-0178	49	319	184	1	1	2
LIDC-IDRI-0180	188	175	250	1	1	3
LIDC-IDRI-0181	40	325	300	1	1	3
LIDC-IDRI-0181	61	181	220	1	1	1
LIDC-IDRI-0182	57	354	288	1	1	2
LIDC-IDRI-0183	27	167	344	1	1	4
LIDC-IDRI-0185	20	374	279	1	1	1
LIDC-IDRI-0185	68	133	178	1	1	2
LIDC-IDRI-0186	21	192	295	1	1	3
LIDC-IDRI-0186	62	339	125	1	1	1
LIDC-IDRI-0187	22	354	279	1	1	4
LIDC-IDRI-0188	54	189	434	1	1	4
LIDC-IDRI-0190	77	423	239	1	1	4
LIDC-IDRI-0191	45	145	267	1	1	5
LIDC-IDRI-0192	118	148	352	1	1	3
LIDC-IDRI-0193	52	172	163	1	1	2
LIDC-IDRI-0194	43	331	212	1	1	4
LIDC-IDRI-0200	57	126	193	1	1	3
LIDC-IDRI-0202	70	74	307	1	1	3
LIDC-IDRI-0203	31	315	217	1	1	4
LIDC-IDRI-0204	104	362	364	1	1	4
LIDC-IDRI-0206	88	129	239	1	1	4
LIDC-IDRI-0209	95	178	374	1	1	4
LIDC-IDRI-0210	34	188	209	1	1	3
LIDC-IDRI-0211	78	367	365	1	1	5
LIDC-IDRI-0212	20	300	260	1	1	1
LIDC-IDRI-0213	36	126	332	1	1	1
LIDC-IDRI-0216	54	111	285	1	1	3
LIDC-IDRI-0217	101	212	320	1	1	4
LIDC-IDRI-0219	81	182	278	1	1	4
LIDC-IDRI-0220	140	225	307	1	1	3
LIDC-IDRI-0221	35	380	258	1	1	5
LIDC-IDRI-0223	48	293	358	1	1	4
LIDC-IDRI-0227	61	378	174	1	1	3
LIDC-IDRI-0228	18	381	269	1	1	4
LIDC-IDRI-0229	31	189	355	1	1	4
LIDC-IDRI-0230	47	366	288	1	1	1
LIDC-IDRI-0230	53	180	178	1	1	3
LIDC-IDRI-0231	77	131	324	1	1	1
LIDC-IDRI-0233	41	163	358	1	1	3
LIDC-IDRI-0241	193	79	207	1	1	3
LIDC-IDRI-0242	41	390	320	1	1	5
LIDC-IDRI-0244	60	181	231	1	1	4
LIDC-IDRI-0245	56	133	384	1	1	3
LIDC-IDRI-0246	49	308	175	1	1	3
LIDC-IDRI-0247	44	151	280	1	1	3
LIDC-IDRI-0250	44	388	303	1	1	1
LIDC-IDRI-0250	46	364	352	1	1	4
LIDC-IDRI-0252	57	201	229	1	1	4
LIDC-IDRI-0255	43	393	209	1	1	3
LIDC-IDRI-0257	64	200	342	1	1	4
LIDC-IDRI-0258	41	379	358	1	1	3
LIDC-IDRI-0259	117	110	354	1	1	4
LIDC-IDRI-0260	96	126	318	1	1	4
LIDC-IDRI-0262	86	106	259	1	1	4
LIDC-IDRI-0264	126	168	361	1	1	3
LIDC-IDRI-0265	27	212	319	1	1	5
LIDC-IDRI-0266	185	166	316	1	1	4
LIDC-IDRI-0267	100	154	337	1	1	5
LIDC-IDRI-0268	49	193	167	1	1	1
LIDC-IDRI-0275	79	126	370	1	1	2
LIDC-IDRI-0278	90	166	341	1	1	3
LIDC-IDRI-0283	35	310	266	1	1	3
LIDC-IDRI-0285	46	315	323	1	1	4
LIDC-IDRI-0286	44	351	221	1	1	3
LIDC-IDRI-0286	98	376	279	1	1	1
LIDC-IDRI-0287	31	209	250	1	1	2
LIDC-IDRI-0288	80	327	366	1	1	3
LIDC-IDRI-0290	26	153	359	1	1	2
LIDC-IDRI-0291	188	180	286	1	1	2
LIDC-IDRI-0292	301	413	347	1	1	3
LIDC-IDRI-0294	71	314	205	1	1	4
LIDC-IDRI-0296	51	106	328	1	1	3
LIDC-IDRI-0298	37	375	289	1	1	3
LIDC-IDRI-0301	296	173	177	1	1	3
LIDC-IDRI-0302	190	183	361	1	1	3
LIDC-IDRI-0303	67	161	352	1	1	4
LIDC-IDRI-0304	49	397	353	1	1	4
LIDC-IDRI-0305	24	167	311	1	1	4
LIDC-IDRI-0308	283	410	216	1	1	3
LIDC-IDRI-0309	35	129	207	1	1	4
LIDC-IDRI-0310	89	161	401	1	1	3
LIDC-IDRI-0311	72	338	287	1	1	5
LIDC-IDRI-0312	178	420	391	1	1	4
LIDC-IDRI-0313	73	379	224	1	1	5
LIDC-IDRI-0314	116	184	244	1	1	3
LIDC-IDRI-0315	17	300	324	1	1	3
LIDC-IDRI-0317	15	378	257	1	1	2
LIDC-IDRI-0319	154	458	229	1	1	3
LIDC-IDRI-0321	82	362	275	1	1	1
LIDC-IDRI-0321	87	405	292	1	1	2
LIDC-IDRI-0321	94	382	297	1	1	1
LIDC-IDRI-0323	40	221	351	1	1	3
LIDC-IDRI-0324	36	351	333	1	1	2
LIDC-IDRI-0325	128	167	366	1	1	4
LIDC-IDRI-0326	171	419	297	1	1	3
LIDC-IDRI-0328	194	439	207	1	1	3
LIDC-IDRI-0329	42	155	222	1	1	3
LIDC-IDRI-0332	136	117	251	1	1	5
LIDC-IDRI-0334	23	144	320	1	1	3
LIDC-IDRI-0338	138	113	337	1	1	3
LIDC-IDRI-0339	51	389	271	1	1	3
LIDC-IDRI-0340	353	400	338	1	1	2
LIDC-IDRI-0341	143	425	271	1	1	3
LIDC-IDRI-0345	129	79	280	1	1	2
LIDC-IDRI-0346	30	141	380	1	1	1
LIDC-IDRI-0346	43	222	337	1	1	1
LIDC-IDRI-0346	53	309	391	1	1	3
LIDC-IDRI-0346	63	380	389	1	1	1
LIDC-IDRI-0347	61	108	322	1	1	4
LIDC-IDRI-0348	40	350	237	1	1	4
LIDC-IDRI-0350	84	94	176	1	1	3
LIDC-IDRI-0353	153	144	176	1	1	3
LIDC-IDRI-0354	40	116	264	1	1	3
LIDC-IDRI-0354	53	80	338	1	1	1
LIDC-IDRI-0355	64	397	198	1	1	4
LIDC-IDRI-0356	133	451	339	1	1	3
LIDC-IDRI-0358	180	359	123	1	1	2
LIDC-IDRI-0358	252	182	303	1	1	1
LIDC-IDRI-0360	57	213	283	1	1	3
LIDC-IDRI-0362	38	113	296	1	1	5
LIDC-IDRI-0366	38	157	348	1	1	4
LIDC-IDRI-0368	23	203	261	1	1	3
LIDC-IDRI-0368	45	392	320	1	1	1
LIDC-IDRI-0368	49	398	281	1	1	1
LIDC-IDRI-0370	287	135	119	1	1	3
LIDC-IDRI-0371	360	463	302	1	1	2
LIDC-IDRI-0372	169	420	260	1	1	3
LIDC-IDRI-0372	200	183	356	1	1	1
LIDC-IDRI-0374	109	178	193	1	1	3
LIDC-IDRI-0375	221	174	181	1	1	3
LIDC-IDRI-0375	237	157	183	1	1	1
LIDC-IDRI-0376	381	129	141	1	1	2
LIDC-IDRI-0377	85	382	309	1	1	5
LIDC-IDRI-0378	65	95	315	1	1	3
LIDC-IDRI-0379	57	331	403	1	1	3
LIDC-IDRI-0379	62	402	331	1	1	1
LIDC-IDRI-0380	84	93	286	1	1	3
LIDC-IDRI-0381	23	422	337	1	1	3
LIDC-IDRI-0385	103	379	342	1	1	4
LIDC-IDRI-0390	35	191	179	1	1	1
LIDC-IDRI-0390	38	133	361	1	1	1
LIDC-IDRI-0390	41	103	337	1	1	1
LIDC-IDRI-0390	50	165	266	1	1	1
LIDC-IDRI-0390	63	192	339	1	1	1
LIDC-IDRI-0390	64	159	243	1	1	1
LIDC-IDRI-0390	74	409	208	1	1	1
LIDC-IDRI-0392	41	405	327	1	1	3
LIDC-IDRI-0393	185	306	365	1	1	2
LIDC-IDRI-0395	75	96	382	1	1	3
LIDC-IDRI-0396	56	320	328	1	1	3
LIDC-IDRI-0396	65	156	333	1	1	1
LIDC-IDRI-0397	92	121	259	1	1	3
LIDC-IDRI-0398	62	187	330	1	1	4
LIDC-IDRI-0399	116	175	158	1	1	2
LIDC-IDRI-0400	126	468	240	1	1	3
LIDC-IDRI-0402	191	126	326	1	1	3
LIDC-IDRI-0403	182	151	429	1	1	1
LIDC-IDRI-0404	121	318	352	1	1	4
LIDC-IDRI-0405	127	412	276	1	1	1
LIDC-IDRI-0405	172	128	199	1	1	3
LIDC-IDRI-0407	87	229	186	1	1	4
LIDC-IDRI-0409	64	173	211	1	1	3
LIDC-IDRI-0411	330	164	152	1	1	3
LIDC-IDRI-0414	56	205	263	1	1	4
LIDC-IDRI-0415	85	118	295	1	1	3
LIDC-IDRI-0416	38	178	403	1	1	3
LIDC-IDRI-0419	60	153	128	1	1	3
LIDC-IDRI-0420	102	146	78	1	1	4
LIDC-IDRI-0423	111	361	165	1	1	4
LIDC-IDRI-0424	37	393	298	1	1	3
LIDC-IDRI-0426	68	410	273	1	1	1
LIDC-IDRI-0427	281	132	103	1	1	2
LIDC-IDRI-0427	290	139	159	1	1	1
LIDC-IDRI-0427	74	287	177	1	1	1
LIDC-IDRI-0430	271	388	377	1	1	3
LIDC-IDRI-0431	94	328	398	1	1	2
LIDC-IDRI-0433	212	188	417	1	1	3
LIDC-IDRI-0435	50	202	422	1	1	3
LIDC-IDRI-0435	65	91	387	1	1	1
LIDC-IDRI-0436	31	231	193	1	1	1
LIDC-IDRI-0436	51	119	209	1	1	4
LIDC-IDRI-0437	170	354	190	1	1	3
LIDC-IDRI-0437	253	395	325	1	1	1
LIDC-IDRI-0437	343	184	339	1	1	1
LIDC-IDRI-0438	147	366	264	1	1	3
LIDC-IDRI-0440	156	304	156	1	1	1
LIDC-IDRI-0440	67	283	234	1	1	2
LIDC-IDRI-0442	52	162	189	1	1	3
LIDC-IDRI-0443	343	365	345	1	1	2
LIDC-IDRI-0444	86	99	262	1	1	2
LIDC-IDRI-0445	59	407	276	1	1	3
LIDC-IDRI-0447	104	408	337	1	1	2
LIDC-IDRI-0447	91	411	199	1	1	1
LIDC-IDRI-0448	325	69	263	1	1	3
LIDC-IDRI-0449	57	87	215	1	1	2
LIDC-IDRI-0450	98	367	128	1	1	3
LIDC-IDRI-0451	67	218	372	1	1	3
LIDC-IDRI-0456	199	183	185	1	1	1
LIDC-IDRI-0456	283	69	218	1	1	3
LIDC-IDRI-0456	313	456	183	1	1	1
LIDC-IDRI-0457	108	144	163	1	1	4
LIDC-IDRI-0458	123	441	276	1	1	4
LIDC-IDRI-0461	112	150	288	1	1	1
LIDC-IDRI-0461	149	90	317	1	1	1
LIDC-IDRI-0461	86	102	272	1	1	1
LIDC-IDRI-0462	267	112	308	1	1	4
LIDC-IDRI-0466	134	208	227	1	1	5
LIDC-IDRI-0467	223	405	321	1	1	2
LIDC-IDRI-0468	81	207	418	1	1	3
LIDC-IDRI-0469	62	314	340	1	1	2
LIDC-IDRI-0471	60	318	404	1	1	2
LIDC-IDRI-0474	20	381	290	1	1	3
LIDC-IDRI-0474	84	315	334	1	1	1
LIDC-IDRI-0477	70	117	250	1	1	4
LIDC-IDRI-0478	376	471	352	1	1	1
LIDC-IDRI-0479	119	131	182	1	1	3
LIDC-IDRI-0479	205	190	350	1	1	1
LIDC-IDRI-0480	84	100	303	1	1	3
LIDC-IDRI-0483	183	87	204	1	1	4
LIDC-IDRI-0486	142	142	300	1	1	3
LIDC-IDRI-0487	242	43	168	1	1	3
LIDC-IDRI-0488	61	123	287	1	1	4
LIDC-IDRI-0489	47	368	350	1	1	4
LIDC-IDRI-0490	282	357	233	1	1	4
LIDC-IDRI-0491	111	183	231	1	1	1
LIDC-IDRI-0491	219	376	232	1	1	1
LIDC-IDRI-0491	222	305	187	1	1	1
LIDC-IDRI-0491	241	177	435	1	1	1
LIDC-IDRI-0491	281	116	380	1	1	1
LIDC-IDRI-0491	375	436	201	1	1	1
LIDC-IDRI-0491	398	150	392	1	1	1
LIDC-IDRI-0491	422	82	227	1	1	1
LIDC-IDRI-0491	443	157	359	1	1	1
LIDC-IDRI-0492	114	79	227	1	1	2
LIDC-IDRI-0492	160	140	246	1	1	1
LIDC-IDRI-0493	156	227	299	1	1	4
LIDC-IDRI-0494	45	184	396	1	1	2
LIDC-IDRI-0495	148	147	117	1	1	2
LIDC-IDRI-0496	121	70	203	1	1	3
LIDC-IDRI-0499	66	187	348	1	1	3
LIDC-IDRI-0500	86	139	164	1	1	3
LIDC-IDRI-0502	78	207	411	1	1	3
LIDC-IDRI-0503	87	123	214	1	1	3
LIDC-IDRI-0504	61	137	128	1	1	3
LIDC-IDRI-0507	113	360	300	1	1	4
LIDC-IDRI-0509	13	227	323	1	1	3
LIDC-IDRI-0515	110	208	357	1	1	4
LIDC-IDRI-0518	76	394	371	1	1	3
LIDC-IDRI-0520	111	208	327	1	1	1
LIDC-IDRI-0520	283	434	327	1	1	1
LIDC-IDRI-0521	140	386	181	1	1	1
LIDC-IDRI-0521	161	415	181	1	1	4
LIDC-IDRI-0522	80	187	216	1	1	3
LIDC-IDRI-0523	112	395	225	1	1	3
LIDC-IDRI-0523	33	175	271	1	1	1
LIDC-IDRI-0524	166	135	171	1	1	2
LIDC-IDRI-0525	100	131	287	1	1	4
LIDC-IDRI-0526	45	187	179	1	1	3
LIDC-IDRI-0527	85	133	276	1	1	4
LIDC-IDRI-0529	482	450	230	1	1	4
LIDC-IDRI-0530	97	91	194	1	1	3
LIDC-IDRI-0532	91	129	415	1	1	1
LIDC-IDRI-0533	37	369	335	1	1	3
LIDC-IDRI-0534	46	333	377	1	1	1
LIDC-IDRI-0534	73	172	392	1	1	2
LIDC-IDRI-0535	107	116	328	1	1	1
LIDC-IDRI-0535	132	146	336	1	1	3
LIDC-IDRI-0537	449	427	187	1	1	2
LIDC-IDRI-0538	166	307	366	1	1	3
LIDC-IDRI-0539	116	354	396	1	1	4
LIDC-IDRI-0541	46	131	378	1	1	1
LIDC-IDRI-0541	69	80	331	1	1	1
LIDC-IDRI-0542	233	106	344	1	1	1
LIDC-IDRI-0542	254	57	272	1	1	1
LIDC-IDRI-0542	331	470	249	1	1	1
LIDC-IDRI-0542	96	364	179	1	1	3
LIDC-IDRI-0543	97	413	311	1	1	4
LIDC-IDRI-0546	146	416	273	1	1	4
LIDC-IDRI-0547	87	100	315	1	1	3
LIDC-IDRI-0550	59	395	171	1	1	3
LIDC-IDRI-0551	177	112	343	1	1	3
LIDC-IDRI-0552	80	84	364	1	1	4
LIDC-IDRI-0554	230	156	401	1	1	3
LIDC-IDRI-0555	112	57	217	1	1	3
LIDC-IDRI-0556	86	212	336	1	1	3
LIDC-IDRI-0557	113	117	354	1	1	4
LIDC-IDRI-0558	173	95	388	1	1	3
LIDC-IDRI-0562	67	141	337	1	1	4
LIDC-IDRI-0563	74	122	154	1	1	3
LIDC-IDRI-0565	85	111	228	1	1	2
LIDC-IDRI-0566	92	186	409	1	1	2
LIDC-IDRI-0567	104	350	400	1	1	1
LIDC-IDRI-0567	241	410	342	1	1	1
LIDC-IDRI-0568	125	104	263	1	1	1
LIDC-IDRI-0568	134	88	219	1	1	1
LIDC-IDRI-0568	60	146	340	1	1	3
LIDC-IDRI-0569	44	357	354	1	1	1
LIDC-IDRI-0569	55	89	313	1	1	3
LIDC-IDRI-0572	378	76	300	1	1	2
LIDC-IDRI-0574	99	388	277	1	1	3
LIDC-IDRI-0575	245	355	354	1	1	4
LIDC-IDRI-0576	100	170	288	1	1	4
LIDC-IDRI-0577	39	123	308	1	1	2
LIDC-IDRI-0578	56	133	226	1	1	2
LIDC-IDRI-0579	64	407	248	1	1	3
LIDC-IDRI-0580	92	177	184	1	1	3
LIDC-IDRI-0581	95	79	169	1	1	2
LIDC-IDRI-0582	207	139	234	1	1	1
LIDC-IDRI-0582	297	401	122	1	1	2
LIDC-IDRI-0583	110	99	248	1	1	1
LIDC-IDRI-0583	43	335	294	1	1	3
LIDC-IDRI-0584	143	207	373	1	1	3
LIDC-IDRI-0586	69	416	169	1	1	3
LIDC-IDRI-0587	97	319	185	1	1	5
LIDC-IDRI-0588	61	158	258	1	1	2
LIDC-IDRI-0590	242	417	253	1	1	4
LIDC-IDRI-0591	45	334	358	1	1	3
LIDC-IDRI-0592	68	118	240	1	1	3
LIDC-IDRI-0593	47	404	216	1	1	3
LIDC-IDRI-0595	27	146	361	1	1	4
LIDC-IDRI-0596	55	138	356	1	1	3
LIDC-IDRI-0598	104	423	364	1	1	3
LIDC-IDRI-0599	238	334	436	1	1	1
LIDC-IDRI-0599	63	163	257	1	1	1
LIDC-IDRI-0601	178	102	380	1	1	2
LIDC-IDRI-0601	211	316	272	1	1	1
LIDC-IDRI-0602	71	381	222	1	1	2
LIDC-IDRI-0604	200	284	132	1	1	1
LIDC-IDRI-0604	200	369	227	1	1	2
LIDC-IDRI-0604	287	430	230	1	1	1
LIDC-IDRI-0605	79	91	176	1	1	2
LIDC-IDRI-0608	112	380	201	1	1	3
LIDC-IDRI-0608	123	163	217	1	1	1
LIDC-IDRI-0608	135	108	255	1	1	1
LIDC-IDRI-0608	96	352	394	1	1	1
LIDC-IDRI-0609	198	147	215	1	1	1
LIDC-IDRI-0609	307	138	139	1	1	3
LIDC-IDRI-0610	20	185	338	1	1	4
LIDC-IDRI-0611	42	403	296	1	1	3
LIDC-IDRI-0613	231	59	294	1	1	3
LIDC-IDRI-0614	167	373	175	1	1	4
LIDC-IDRI-0615	107	152	279	1	1	2
LIDC-IDRI-0615	112	387	284	1	1	1
LIDC-IDRI-0617	106	131	325	1	1	4
LIDC-IDRI-0618	187	177	304	1	1	3
LIDC-IDRI-0619	76	110	239	1	1	5
LIDC-IDRI-0620	81	98	236	1	1	3
LIDC-IDRI-0621	437	417	308	1	1	2
LIDC-IDRI-0624	146	94	254	1	1	4
LIDC-IDRI-0625	287	461	296	1	1	4
LIDC-IDRI-0626	56	114	244	1	1	2
LIDC-IDRI-0628	115	100	235	1	1	4
LIDC-IDRI-0631	103	202	352	1	1	3
LIDC-IDRI-0635	66	163	404	1	1	3
LIDC-IDRI-0636	141	403	294	1	1	2
LIDC-IDRI-0637	117	344	365	1	1	3
LIDC-IDRI-0638	69	138	173	1	1	4
LIDC-IDRI-0639	88	360	282	1	1	3
LIDC-IDRI-0640	50	329	169	1	1	3
LIDC-IDRI-0640	79	422	214	1	1	1
LIDC-IDRI-0642	23	270	293	1	1	3
LIDC-IDRI-0642	51	295	167	1	1	1
LIDC-IDRI-0643	61	426	151	1	1	3
LIDC-IDRI-0643	92	52	320	1	1	1
LIDC-IDRI-0644	62	323	283	1	1	3
LIDC-IDRI-0645	131	191	408	1	1	4
LIDC-IDRI-0647	311	162	124	1	1	4
LIDC-IDRI-0648	263	295	394	1	1	1
LIDC-IDRI-0648	274	357	374	1	1	1
LIDC-IDRI-0648	297	339	353	1	1	1
LIDC-IDRI-0649	127	78	242	1	1	1
LIDC-IDRI-0649	142	101	185	1	1	1
LIDC-IDRI-0649	162	456	271	1	1	1
LIDC-IDRI-0649	166	140	352	1	1	1
LIDC-IDRI-0649	183	450	214	1	1	1
LIDC-IDRI-0649	195	346	350	1	1	1
LIDC-IDRI-0649	196	64	331	1	1	1
LIDC-IDRI-0649	196	69	209	1	1	1
LIDC-IDRI-0649	56	292	244	1	1	1
LIDC-IDRI-0649	63	413	235	1	1	1
LIDC-IDRI-0652	55	434	291	1	1	3
LIDC-IDRI-0654	142	159	103	1	1	3
LIDC-IDRI-0655	258	60	290	1	1	4
LIDC-IDRI-0658	22	200	336	1	1	3
LIDC-IDRI-0659	73	114	171	1	1	3
LIDC-IDRI-0660	105	405	361	1	1	4
LIDC-IDRI-0661	135	162	222	1	1	3
LIDC-IDRI-0662	66	364	213	1	1	3
LIDC-IDRI-0662	97	162	217	1	1	1
LIDC-IDRI-0663	233	135	138	1	1	4
LIDC-IDRI-0664	150	95	237	1	1	4
LIDC-IDRI-0666	65	199	379	1	1	3
LIDC-IDRI-0669	78	133	244	1	1	2
LIDC-IDRI-0670	45	188	236	1	1	4
LIDC-IDRI-0671	52	190	193	1	1	4
LIDC-IDRI-0672	283	86	163	1	1	2
LIDC-IDRI-0673	42	317	312	1	1	3
LIDC-IDRI-0674	193	182	385	1	1	3
LIDC-IDRI-0674	97	116	199	1	1	1
LIDC-IDRI-0675	81	165	192	1	1	3
LIDC-IDRI-0676	273	422	315	1	1	3
LIDC-IDRI-0677	15	120	290	1	1	3
LIDC-IDRI-0677	30	357	206	1	1	1
LIDC-IDRI-0678	58	125	273	1	1	5
LIDC-IDRI-0680	33	158	162	1	1	4
LIDC-IDRI-0681	182	397	261	1	1	3
LIDC-IDRI-0682	120	389	304	1	1	4
LIDC-IDRI-0684	351	427	352	1	1	3
LIDC-IDRI-0686	30	380	302	1	1	3
LIDC-IDRI-0687	28	317	166	1	1	3
LIDC-IDRI-0688	260	173	191	1	1	3
LIDC-IDRI-0692	107	437	346	1	1	3
LIDC-IDRI-0693	81	428	211	1	1	1
LIDC-IDRI-0694	40	212	268	1	1	3
LIDC-IDRI-0695	107	151	260	1	1	3
LIDC-IDRI-0696	113	371	210	1	1	2
LIDC-IDRI-0697	38	332	192	1	1	5
LIDC-IDRI-0698	129	150	306	1	1	5
LIDC-IDRI-0699	97	366	151	1	1	3
LIDC-IDRI-0700	214	150	385	1	1	2
LIDC-IDRI-0701	16	337	325	1	1	3
LIDC-IDRI-0702	86	142	306	1	1	5
LIDC-IDRI-0703	133	139	375	1	1	5
LIDC-IDRI-0704	173	381	270	1	1	4
LIDC-IDRI-0704	245	359	325	1	1	1
LIDC-IDRI-0705	385	442	310	1	1	4
LIDC-IDRI-0706	43	128	268	1	1	4
LIDC-IDRI-0707	32	189	279	1	1	3
LIDC-IDRI-0708	46	397	226	1	1	5
LIDC-IDRI-0709	10	187	234	1	1	1
LIDC-IDRI-0709	18	155	187	1	1	1
LIDC-IDRI-0709	41	432	177	1	1	1
LIDC-IDRI-0709	8	358	272	1	1	1
LIDC-IDRI-0712	127	463	245	1	1	3
LIDC-IDRI-0713	21	158	384	1	1	5
LIDC-IDRI-0714	96	148	400	1	1	3
LIDC-IDRI-0715	462	310	335	1	1	5
LIDC-IDRI-0717	135	249	154	1	1	3
LIDC-IDRI-0717	207	408	293	1	1	1
LIDC-IDRI-0719	30	218	371	1	1	4
LIDC-IDRI-0720	145	119	329	1	1	4
LIDC-IDRI-0721	37	75	287	1	1	1
LIDC-IDRI-0721	44	307	290	1	1	3
LIDC-IDRI-0722	311	425	248	1	1	3
LIDC-IDRI-0722	375	111	214	1	1	1
LIDC-IDRI-0723	170	442	371	1	1	3
LIDC-IDRI-0724	46	411	279	1	1	2
LIDC-IDRI-0724	53	350	239	1	1	1
LIDC-IDRI-0724	54	358	226	1	1	1
LIDC-IDRI-0725	30	299	337	1	1	4
LIDC-IDRI-0726	221	166	296	1	1	1
LIDC-IDRI-0726	263	450	338	1	1	1
LIDC-IDRI-0727	147	172	372	1	1	1
LIDC-IDRI-0727	229	398	146	1	1	2
LIDC-IDRI-0728	309	446	205	1	1	3
LIDC-IDRI-0729	163	386	277	1	1	3
LIDC-IDRI-0730	60	380	359	1	1	3
LIDC-IDRI-0732	38	163	309	1	1	4
LIDC-IDRI-0734	322	430	152	1	1	3
LIDC-IDRI-0735	70	344	370	1	1	3
LIDC-IDRI-0736	130	68	313	1	1	3
LIDC-IDRI-0739	281	338	360	1	1	3
LIDC-IDRI-0740	91	129	359	1	1	4
LIDC-IDRI-0741	112	394	371	1	1	4
LIDC-IDRI-0742	86	118	280	1	1	3
LIDC-IDRI-0743	17	177	274	1	1	4
LIDC-IDRI-0744	101	189	396	1	1	3
LIDC-IDRI-0747	55	419	176	1	1	1
LIDC-IDRI-0748	93	100	272	1	1	3
LIDC-IDRI-0749	59	166	215	1	1	4
LIDC-IDRI-0750	28	344	350	1	1	3
LIDC-IDRI-0750	49	199	161	1	1	1
LIDC-IDRI-0751	45	357	375	1	1	4
LIDC-IDRI-0752	72	325	207	1	1	4
LIDC-IDRI-0753	60	93	277	1	1	5
LIDC-IDRI-0754	60	309	400	1	1	2
LIDC-IDRI-0756	179	412	339	1	1	4
LIDC-IDRI-0757	102	189	224	1	1	1
LIDC-IDRI-0757	53	172	347	1	1	3
LIDC-IDRI-0758	100	140	332	1	1	3
LIDC-IDRI-0759	18	201	248	1	1	3
LIDC-IDRI-0759	55	91	170	1	1	1
LIDC-IDRI-0759	94	144	122	1	1	1
LIDC-IDRI-0761	140	448	217	1	1	3
LIDC-IDRI-0762	179	61	221	1	1	3
LIDC-IDRI-0763	67	203	316	1	1	2
LIDC-IDRI-0765	36	102	341	1	1	3
LIDC-IDRI-0766	176	118	259	1	1	3
LIDC-IDRI-0767	105	102	132	1	1	2
LIDC-IDRI-0768	146	357	322	1	1	3
LIDC-IDRI-0769	28	380	291	1	1	3
LIDC-IDRI-0770	125	95	384	1	1	3
LIDC-IDRI-0770	247	305	365	1	1	1
LIDC-IDRI-0771	95	112	363	1	1	3
LIDC-IDRI-0772	35	334	328	1	1	5
LIDC-IDRI-0773	51	357	267	1	1	1
LIDC-IDRI-0773	62	375	343	1	1	3
LIDC-IDRI-0775	230	112	349	1	1	3
LIDC-IDRI-0778	149	314	367	1	1	3
LIDC-IDRI-0779	39	407	317	1	1	3
LIDC-IDRI-0780	133	110	189	1	1	3
LIDC-IDRI-0780	194	402	231	1	1	1
LIDC-IDRI-0781	67	405	313	1	1	3
LIDC-IDRI-0782	118	133	153	1	1	3
LIDC-IDRI-0783	111	168	397	1	1	4
LIDC-IDRI-0785	121	314	206	1	1	3
LIDC-IDRI-0786	56	111	300	1	1	2
LIDC-IDRI-0787	91	456	273	1	1	2
LIDC-IDRI-0788	32	167	307	1	1	4
LIDC-IDRI-0789	262	149	143	1	1	3
LIDC-IDRI-0790	104	374	136	1	1	5
LIDC-IDRI-0791	196	120	321	1	1	1
LIDC-IDRI-0792	155	80	308	1	1	3
LIDC-IDRI-0793	174	165	360	1	1	5
LIDC-IDRI-0794	123	400	338	1	1	3
LIDC-IDRI-0795	73	136	291	1	1	2
LIDC-IDRI-0796	82	353	203	1	1	5
LIDC-IDRI-0797	146	148	393	1	1	2
LIDC-IDRI-0798	21	376	288	1	1	4
LIDC-IDRI-0799	39	206	276	1	1	4
LIDC-IDRI-0800	19	329	321	1	1	1
LIDC-IDRI-0800	20	338	290	1	1	3
LIDC-IDRI-0801	159	401	362	1	1	1
LIDC-IDRI-0801	23	319	365	1	1	3
LIDC-IDRI-0801	43	131	354	1	1	1
LIDC-IDRI-0802	57	410	238	1	1	2
LIDC-IDRI-0803	133	440	280	1	1	3
LIDC-IDRI-0805	52	140	201	1	1	3
LIDC-IDRI-0806	162	149	201	1	1	2
LIDC-IDRI-0806	368	62	354	1	1	1
LIDC-IDRI-0807	298	68	209	1	1	2
LIDC-IDRI-0809	144	56	295	1	1	3
LIDC-IDRI-0810	54	207	240	1	1	3
LIDC-IDRI-0813	68	385	270	1	1	3
LIDC-IDRI-0814	102	400	169	1	1	3
LIDC-IDRI-0815	111	138	341	1	1	3
LIDC-IDRI-0816	33	160	312	1	1	3
LIDC-IDRI-0817	60	351	272	1	1	2
LIDC-IDRI-0818	160	211	322	1	1	2
LIDC-IDRI-0819	68	131	289	1	1	5
LIDC-IDRI-0820	26	230	264	1	1	3
LIDC-IDRI-0821	71	332	213	1	1	3
LIDC-IDRI-0822	149	390	287	1	1	1
LIDC-IDRI-0822	64	178	308	1	1	3
LIDC-IDRI-0823	66	134	400	1	1	1
LIDC-IDRI-0824	72	97	166	1	1	2
LIDC-IDRI-0825	157	354	411	1	1	1
LIDC-IDRI-0826	106	146	299	1	1	4
LIDC-IDRI-0827	77	403	299	1	1	3
LIDC-IDRI-0828	123	420	338	1	1	3
LIDC-IDRI-0829	88	315	171	1	1	4
LIDC-IDRI-0830	80	174	349	1	1	1
LIDC-IDRI-0830	93	123	326	1	1	2
LIDC-IDRI-0833	136	144	268	1	1	3
LIDC-IDRI-0834	227	182	306	1	1	5
LIDC-IDRI-0835	131	141	311	1	1	2
LIDC-IDRI-0836	85	81	258	1	1	3
LIDC-IDRI-0837	110	96	359	1	1	3
LIDC-IDRI-0838	225	422	335	1	1	3
LIDC-IDRI-0840	30	393	243	1	1	2
LIDC-IDRI-0841	70	414	258	1	1	2
LIDC-IDRI-0842	49	326	147	1	1	1
LIDC-IDRI-0842	52	381	293	1	1	3
LIDC-IDRI-0843	137	229	350	1	1	3
LIDC-IDRI-0843	230	140	216	1	1	1
LIDC-IDRI-0843	277	197	180	1	1	1
LIDC-IDRI-0843	297	109	398	1	1	1
LIDC-IDRI-0846	25	402	292	1	1	3
LIDC-IDRI-0847	61	324	396	1	1	3
LIDC-IDRI-0848	90	113	368	1	1	3
LIDC-IDRI-0849	155	291	244	1	1	1
LIDC-IDRI-0849	155	305	262	1	1	1
LIDC-IDRI-0849	197	372	138	1	1	1
LIDC-IDRI-0849	400	40	284	1	1	1
LIDC-IDRI-0850	190	92	176	1	1	4
LIDC-IDRI-0851	122	155	340	1	1	1
LIDC-IDRI-0851	151	139	332	1	1	3
LIDC-IDRI-0852	39	128	342	1	1	3
LIDC-IDRI-0854	307	453	258	1	1	2
LIDC-IDRI-0855	13	193	296	1	1	1
LIDC-IDRI-0855	18	336	306	1	1	1
LIDC-IDRI-0855	20	196	316	1	1	1
LIDC-IDRI-0855	34	110	266	1	1	3
LIDC-IDRI-0856	48	364	270	1	1	2
LIDC-IDRI-0857	216	411	368	1	1	1
LIDC-IDRI-0857	271	120	178	1	1	3
LIDC-IDRI-0859	89	438	239	1	1	3
LIDC-IDRI-0860	104	358	357	1	1	2
LIDC-IDRI-0861	48	211	295	1	1	4
LIDC-IDRI-0864	101	435	376	1	1	2
LIDC-IDRI-0864	130	73	184	1	1	1
LIDC-IDRI-0865	99	191	267	1	1	5
LIDC-IDRI-0866	52	165	215	1	1	1
LIDC-IDRI-0866	73	127	231	1	1	2
LIDC-IDRI-0866	90	401	183	1	1	1
LIDC-IDRI-0867	199	138	314	1	1	3
LIDC-IDRI-0868	50	347	299	1	1	3
LIDC-IDRI-0869	193	166	213	1	1	4
LIDC-IDRI-0870	94	127	380	1	1	2
LIDC-IDRI-0871	108	428	253	1	1	3
LIDC-IDRI-0872	38	121	377	1	1	3
LIDC-IDRI-0872	70	411	313	1	1	1
LIDC-IDRI-0873	38	132	314	1	1	4
LIDC-IDRI-0874	110	233	205	1	1	1
LIDC-IDRI-0874	360	393	332	1	1	3
LIDC-IDRI-0875	45	146	332	1	1	5
LIDC-IDRI-0879	111	109	194	1	1	2
LIDC-IDRI-0879	138	105	176	1	1	1
LIDC-IDRI-0879	219	340	339	1	1	1
LIDC-IDRI-0879	229	334	325	1	1	1
LIDC-IDRI-0883	166	229	127	1	1	1
LIDC-IDRI-0883	172	426	158	1	1	2
LIDC-IDRI-0884	55	375	248	1	1	5
LIDC-IDRI-0886	34	265	185	1	1	4
LIDC-IDRI-0888	115	180	350	1	1	4
LIDC-IDRI-0890	170	122	156	1	1	5
LIDC-IDRI-0892	38	352	234	1	1	3
LIDC-IDRI-0893	189	168	335	1	1	4
LIDC-IDRI-0894	143	97	369	1	1	3
LIDC-IDRI-0895	61	199	283	1	1	4
LIDC-IDRI-0896	84	454	291	1	1	3
LIDC-IDRI-0898	87	121	345	1	1	4
LIDC-IDRI-0899	21	91	288	1	1	2
LIDC-IDRI-0899	40	153	347	1	1	1
LIDC-IDRI-0902	212	149	150	1	1	3
LIDC-IDRI-0904	31	197	384	1	1	4
LIDC-IDRI-0905	82	231	322	1	1	4
LIDC-IDRI-0906	102	305	307	1	1	1
LIDC-IDRI-0906	119	389	356	1	1	1
LIDC-IDRI-0906	46	409	249	1	1	2
LIDC-IDRI-0907	30	223	348	1	1	3
LIDC-IDRI-0908	128	438	251	1	1	3
LIDC-IDRI-0909	261	201	223	1	1	3
LIDC-IDRI-0910	23	384	319	1	1	4
LIDC-IDRI-0911	21	202	243	1	1	4
LIDC-IDRI-0914	159	81	296	1	1	1
LIDC-IDRI-0915	151	63	258	1	1	3
LIDC-IDRI-0916	65	87	343	1	1	2
LIDC-IDRI-0917	129	445	271	1	1	3
LIDC-IDRI-0919	175	370	314	1	1	4
LIDC-IDRI-0920	159	109	343	1	1	4
LIDC-IDRI-0921	69	143	300	1	1	5
LIDC-IDRI-0922	53	356	334	1	1	4
LIDC-IDRI-0923	262	83	174	1	1	3
LIDC-IDRI-0924	152	412	218	1	1	3
LIDC-IDRI-0924	34	245	305	1	1	1
LIDC-IDRI-0925	135	430	369	1	1	4
LIDC-IDRI-0926	80	331	296	1	1	3
LIDC-IDRI-0928	81	156	149	1	1	3
LIDC-IDRI-0929	181	113	337	1	1	1
LIDC-IDRI-0932	21	225	278	1	1	2
LIDC-IDRI-0933	66	155	324	1	1	1
LIDC-IDRI-0933	82	112	222	1	1	1
LIDC-IDRI-0933	83	415	122	1	1	3
LIDC-IDRI-0935	49	71	207	1	1	2
LIDC-IDRI-0935	77	382	186	1	1	1
LIDC-IDRI-0936	76	136	291	1	1	4
LIDC-IDRI-0938	143	347	161	1	1	5
LIDC-IDRI-0939	88	120	288	1	1	4
LIDC-IDRI-0940	259	128	177	1	1	5
LIDC-IDRI-0941	306	62	307	1	1	3
LIDC-IDRI-0942	101	104	299	1	1	1
LIDC-IDRI-0943	324	217	368	1	1	3
LIDC-IDRI-0945	30	379	256	1	1	3
LIDC-IDRI-0946	47	130	395	1	1	2
LIDC-IDRI-0947	268	101	270	1	1	3
LIDC-IDRI-0949	37	342	216	1	1	1
LIDC-IDRI-0949	43	145	195	1	1	2
LIDC-IDRI-0950	61	105	335	1	1	3
LIDC-IDRI-0951	159	111	225	1	1	1
LIDC-IDRI-0951	167	53	224	1	1	2
LIDC-IDRI-0951	78	157	398	1	1	1
LIDC-IDRI-0956	78	114	342	1	1	1
LIDC-IDRI-0956	80	182	251	1	1	1
LIDC-IDRI-0956	99	421	200	1	1	3
LIDC-IDRI-0957	7	347	253	1	1	2
LIDC-IDRI-0958	24	106	342	1	1	3
LIDC-IDRI-0959	156	432	181	1	1	3
LIDC-IDRI-0961	29	141	330	1	1	1
LIDC-IDRI-0961	58	165	215	1	1	3
LIDC-IDRI-0961	67	435	285	1	1	1
LIDC-IDRI-0962	60	362	216	1	1	3
LIDC-IDRI-0969	79	339	356	1	1	3
LIDC-IDRI-0971	202	447	167	1	1	3
LIDC-IDRI-0974	58	381	164	1	1	3
LIDC-IDRI-0976	202	144	163	1	1	4
LIDC-IDRI-0977	80	448	293	1	1	3
LIDC-IDRI-0978	163	158	207	1	1	4
LIDC-IDRI-0980	38	364	383	1	1	5
LIDC-IDRI-0981	52	195	325	1	1	4
LIDC-IDRI-0982	53	185	286	1	1	4
LIDC-IDRI-0983	62	458	237	1	1	3
LIDC-IDRI-0984	145	434	253	1	1	3
LIDC-IDRI-0986	29	201	317	1	1	3
LIDC-IDRI-0987	200	143	152	1	1	1
LIDC-IDRI-0989	88	346	235	1	1	3
LIDC-IDRI-0990	139	200	156	1	1	3
LIDC-IDRI-0991	101	159	165	1	1	3
LIDC-IDRI-0993	68	82	267	1	1	1
LIDC-IDRI-0994	371	456	215	1	1	3
LIDC-IDRI-0996	19	303	338	1	1	1
LIDC-IDRI-0996	84	110	234	1	1	1
LIDC-IDRI-0997	112	330	368	1	1	1
LIDC-IDRI-0997	354	487	244	1	1	1
LIDC-IDRI-0997	358	57	250	1	1	2
LIDC-IDRI-0998	47	147	292	1	1	3
LIDC-IDRI-0999	50	108	221	1	1	1
LIDC-IDRI-0999	60	326	379	1	1	3
LIDC-IDRI-1002	70	220	293	1	1	4
LIDC-IDRI-1003	72	151	409	1	1	4
LIDC-IDRI-1004	150	395	194	1	1	5
LIDC-IDRI-1005	49	310	276	1	1	3
LIDC-IDRI-1006	231	105	233	1	1	4
LIDC-IDRI-1007	108	416	303	1	1	5
LIDC-IDRI-1008	33	141	228	1	1	2
LIDC-IDRI-1008	46	118	202	1	1	1
LIDC-IDRI-1008	47	119	221	1	1	1
LIDC-IDRI-1009	66	314	321	1	1	2
LIDC-IDRI-1012	105	145	153	1	1	2
