LIDC-IDRI-0003	66	367	349	1	1	4
LIDC-IDRI-0004	165	142	323	1	1	1
LIDC-IDRI-0005	45	407	377	1	1	2
LIDC-IDRI-0006	63	363	355	1	1	2
LIDC-IDRI-0006	79	191	340	1	1	2
LIDC-IDRI-0007	37	194	290	1	1	5
LIDC-IDRI-0009	153	202	335	1	1	2
LIDC-IDRI-0010	183	346	195	1	1	2
LIDC-IDRI-0010	209	279	355	1	1	2
LIDC-IDRI-0011	24	158	317	1	1	4
LIDC-IDRI-0011	24	189	198	1	1	1
LIDC-IDRI-0011	34	329	361	1	1	2
LIDC-IDRI-0011	67	306	330	1	1	1
LIDC-IDRI-0011	69	400	188	1	1	1
LIDC-IDRI-0011	70	145	148	1	1	2
LIDC-IDRI-0011	80	69	285	1	1	1
LIDC-IDRI-0011	83	361	142	1	1	2
LIDC-IDRI-0011	93	357	272	1	1	1
LIDC-IDRI-0012	45	162	374	1	1	2
LIDC-IDRI-0012	50	361	189	1	1	2
LIDC-IDRI-0012	51	372	214	1	1	2
LIDC-IDRI-0012	64	386	296	1	1	4
LIDC-IDRI-0013	87	312	293	1	1	2
LIDC-IDRI-0015	31	315	255	1	1	4
LIDC-IDRI-0016	12	341	276	1	1	4
LIDC-IDRI-0016	60	425	239	1	1	4
LIDC-IDRI-0016	67	438	182	1	1	4
LIDC-IDRI-0018	18	364	310	1	1	4
LIDC-IDRI-0018	67	91	295	1	1	2
LIDC-IDRI-0021	22	180	289	1	1	2
LIDC-IDRI-0021	87	352	360	1	1	2
LIDC-IDRI-0021	99	390	286	1	1	2
LIDC-IDRI-0022	28	201	391	1	1	2
LIDC-IDRI-0024	46	331	365	1	1	2
LIDC-IDRI-0024	49	353	272	1	1	2
LIDC-IDRI-0025	41	195	300	1	1	2
LIDC-IDRI-0026	168	96	306	1	1	2
LIDC-IDRI-0027	15	158	293	1	1	2
LIDC-IDRI-0027	42	329	263	1	1	2
LIDC-IDRI-0031	20	186	356	1	1	2
LIDC-IDRI-0031	20	348	316	1	1	4
LIDC-IDRI-0031	77	367	334	1	1	2
LIDC-IDRI-0031	79	172	392	1	1	2
LIDC-IDRI-0034	168	455	266	1	1	2
LIDC-IDRI-0036	72	141	313	1	1	4
LIDC-IDRI-0037	33	377	362	1	1	4
LIDC-IDRI-0037	59	407	288	1	1	4
LIDC-IDRI-0039	117	238	367	1	1	1
LIDC-IDRI-0039	148	252	299	1	1	1
LIDC-IDRI-0039	158	145	267	1	1	1
LIDC-IDRI-0039	162	151	302	1	1	2
LIDC-IDRI-0040	87	170	432	1	1	1
LIDC-IDRI-0041	25	313	382	1	1	1
LIDC-IDRI-0042	63	158	185	1	1	2
LIDC-IDRI-0043	22	139	307	1	1	4
LIDC-IDRI-0044	80	346	384	1	1	4
LIDC-IDRI-0044	82	138	313	1	1	2
LIDC-IDRI-0044	96	146	380	1	1	2
LIDC-IDRI-0045	47	280	192	1	1	4
LIDC-IDRI-0045	49	303	203	1	1	4
LIDC-IDRI-0045	71	85	328	1	1	2
LIDC-IDRI-0045	83	333	326	1	1	4
LIDC-IDRI-0046	88	430	330	1	1	2
LIDC-IDRI-0047	56	142	284	1	1	4
LIDC-IDRI-0048	108	169	216	1	1	4
LIDC-IDRI-0048	134	354	325	1	1	2
LIDC-IDRI-0049	61	170	201	1	1	2
LIDC-IDRI-0049	62	331	358	1	1	2
LIDC-IDRI-0049	64	345	174	1	1	1
LIDC-IDRI-0049	64	361	169	1	1	2
LIDC-IDRI-0049	65	178	366	1	1	4
LIDC-IDRI-0049	66	118	227	1	1	2
LIDC-IDRI-0049	66	343	368	1	1	2
LIDC-IDRI-0049	67	326	362	1	1	2
LIDC-IDRI-0049	69	362	145	1	1	2
LIDC-IDRI-0049	72	320	127	1	1	2
LIDC-IDRI-0049	80	355	146	1	1	1
LIDC-IDRI-0049	96	123	345	1	1	2
LIDC-IDRI-0050	45	173	326	1	1	4
LIDC-IDRI-0051	54	164	192	1	1	4
LIDC-IDRI-0051	92	101	291	1	1	2
LIDC-IDRI-0052	85	348	232	1	1	2
LIDC-IDRI-0053	75	413	241	1	1	4
LIDC-IDRI-0054	48	402	289	1	1	4
LIDC-IDRI-0055	17	186	291	1	1	4
LIDC-IDRI-0055	48	411	329	1	1	4
LIDC-IDRI-0056	127	149	296	1	1	2
LIDC-IDRI-0056	72	363	277	1	1	2
LIDC-IDRI-0058	27	370	329	1	1	4
LIDC-IDRI-0058	46	164	198	1	1	2
LIDC-IDRI-0058	64	364	267	1	1	5
LIDC-IDRI-0059	32	324	382	1	1	4
LIDC-IDRI-0060	20	173	247	1	1	4
LIDC-IDRI-0060	22	185	334	1	1	4
LIDC-IDRI-0060	29	345	224	1	1	5
LIDC-IDRI-0060	52	397	234	1	1	5
LIDC-IDRI-0060	75	384	303	1	1	4
LIDC-IDRI-0061	32	342	360	1	1	4
LIDC-IDRI-0061	66	242	311	1	1	2
LIDC-IDRI-0061	84	383	336	1	1	4
LIDC-IDRI-0063	73	122	307	1	1	1
LIDC-IDRI-0064	22	196	308	1	1	4
LIDC-IDRI-0066	149	194	356	1	1	4
LIDC-IDRI-0066	70	317	332	1	1	4
LIDC-IDRI-0067	130	420	305	1	1	2
LIDC-IDRI-0067	174	418	313	1	1	2
LIDC-IDRI-0068	46	158	204	1	1	4
LIDC-IDRI-0069	53	125	372	1	1	4
LIDC-IDRI-0069	84	226	339	1	1	2
LIDC-IDRI-0070	49	181	208	1	1	2
LIDC-IDRI-0073	21	339	270	1	1	4
LIDC-IDRI-0073	75	306	330	1	1	1
LIDC-IDRI-0077	58	221	290	1	1	4
LIDC-IDRI-0078	19	341	245	1	1	4
LIDC-IDRI-0078	40	337	349	1	1	1
LIDC-IDRI-0078	41	361	170	1	1	4
LIDC-IDRI-0078	62	332	313	1	1	4
LIDC-IDRI-0080	175	212	298	1	1	4
LIDC-IDRI-0081	59	161	298	1	1	4
LIDC-IDRI-0084	110	442	291	1	1	2
LIDC-IDRI-0084	110	81	361	1	1	2
LIDC-IDRI-0084	127	80	165	1	1	1
LIDC-IDRI-0085	126	145	202	1	1	2
LIDC-IDRI-0087	11	344	320	1	1	1
LIDC-IDRI-0088	59	400	313	1	1	2
LIDC-IDRI-0088	87	155	271	1	1	1
LIDC-IDRI-0089	98	368	228	1	1	5
LIDC-IDRI-0092	29	348	260	1	1	1
LIDC-IDRI-0092	42	173	289	1	1	1
LIDC-IDRI-0092	80	213	229	1	1	1
LIDC-IDRI-0093	69	201	356	1	1	4
LIDC-IDRI-0093	70	371	395	1	1	2
LIDC-IDRI-0094	82	147	279	1	1	4
LIDC-IDRI-0095	136	365	234	1	1	4
LIDC-IDRI-0095	150	419	196	1	1	4
LIDC-IDRI-0098	30	283	191	1	1	4
LIDC-IDRI-0099	45	296	338	1	1	2
LIDC-IDRI-0101	81	49	310	1	1	2
LIDC-IDRI-0103	31	377	349	1	1	2
LIDC-IDRI-0104	68	150	222	1	1	4
LIDC-IDRI-0106	135	160	414	1	1	2
LIDC-IDRI-0106	78	99	229	1	1	1
LIDC-IDRI-0106	79	142	188	1	1	1
LIDC-IDRI-0106	94	91	336	1	1	4
LIDC-IDRI-0107	49	105	248	1	1	2
LIDC-IDRI-0107	86	86	241	1	1	2
LIDC-IDRI-0108	99	140	180	1	1	5
LIDC-IDRI-0111	12	216	272	1	1	2
LIDC-IDRI-0111	46	181	334	1	1	5
LIDC-IDRI-0111	60	228	335	1	1	4
LIDC-IDRI-0115	20	136	287	1	1	4
LIDC-IDRI-0116	32	158	234	1	1	5
LIDC-IDRI-0116	48	358	298	1	1	2
LIDC-IDRI-0118	106	222	313	1	1	1
LIDC-IDRI-0118	108	379	245	1	1	1
LIDC-IDRI-0118	123	392	275	1	1	1
LIDC-IDRI-0118	171	204	222	1	1	1
LIDC-IDRI-0118	196	205	335	1	1	1
LIDC-IDRI-0118	198	133	336	1	1	1
LIDC-IDRI-0119	149	347	343	1	1	1
LIDC-IDRI-0119	182	171	402	1	1	1
LIDC-IDRI-0120	34	235	292	1	1	4
LIDC-IDRI-0121	116	287	166	1	1	4
LIDC-IDRI-0124	31	356	281	1	1	2
LIDC-IDRI-0124	42	203	305	1	1	2
LIDC-IDRI-0124	53	90	228	1	1	2
LIDC-IDRI-0124	59	134	348	1	1	2
LIDC-IDRI-0124	65	428	253	1	1	2
LIDC-IDRI-0125	153	126	303	1	1	2
LIDC-IDRI-0125	79	311	357	1	1	2
LIDC-IDRI-0126	49	275	349	1	1	2
LIDC-IDRI-0129	147	406	219	1	1	2
LIDC-IDRI-0129	55	328	278	1	1	4
LIDC-IDRI-0129	62	309	301	1	1	2
LIDC-IDRI-0129	89	344	315	1	1	2
LIDC-IDRI-0129	96	407	178	1	1	2
LIDC-IDRI-0130	183	365	305	1	1	2
LIDC-IDRI-0132	14	309	354	1	1	2
LIDC-IDRI-0132	27	414	368	1	1	4
LIDC-IDRI-0132	37	177	368	1	1	4
LIDC-IDRI-0132	40	107	375	1	1	4
LIDC-IDRI-0132	52	125	395	1	1	4
LIDC-IDRI-0132	59	342	432	1	1	4
LIDC-IDRI-0135	22	324	206	1	1	2
LIDC-IDRI-0135	60	192	340	1	1	2
LIDC-IDRI-0135	67	103	240	1	1	2
LIDC-IDRI-0136	28	344	292	1	1	2
LIDC-IDRI-0136	29	351	195	1	1	2
LIDC-IDRI-0136	30	324	197	1	1	2
LIDC-IDRI-0136	53	181	326	1	1	2
LIDC-IDRI-0136	65	196	331	1	1	2
LIDC-IDRI-0136	73	168	349	1	1	2
LIDC-IDRI-0137	115	333	390	1	1	1
LIDC-IDRI-0137	41	118	368	1	1	4
LIDC-IDRI-0138	93	317	285	1	1	1
LIDC-IDRI-0139	83	109	312	1	1	4
LIDC-IDRI-0139	83	354	335	1	1	5
LIDC-IDRI-0141	51	164	353	1	1	2
LIDC-IDRI-0142	140	130	333	1	1	2
LIDC-IDRI-0142	235	161	352	1	1	1
LIDC-IDRI-0142	85	359	201	1	1	2
LIDC-IDRI-0144	109	311	344	1	1	2
LIDC-IDRI-0144	110	117	358	1	1	2
LIDC-IDRI-0144	66	403	300	1	1	4
LIDC-IDRI-0144	96	403	218	1	1	1
LIDC-IDRI-0145	78	187	361	1	1	4
LIDC-IDRI-0145	87	182	353	1	1	2
LIDC-IDRI-0147	95	115	388	1	1	4
LIDC-IDRI-0148	48	140	304	1	1	4
LIDC-IDRI-0148	48	167	341	1	1	5
LIDC-IDRI-0148	69	401	350	1	1	2
LIDC-IDRI-0149	45	227	370	1	1	2
LIDC-IDRI-0149	51	376	287	1	1	2
LIDC-IDRI-0149	59	372	404	1	1	2
LIDC-IDRI-0149	63	363	398	1	1	2
LIDC-IDRI-0149	72	397	181	1	1	2
LIDC-IDRI-0149	90	329	407	1	1	2
LIDC-IDRI-0149	93	206	396	1	1	2
LIDC-IDRI-0150	13	154	291	1	1	2
LIDC-IDRI-0150	38	181	209	1	1	2
LIDC-IDRI-0151	41	409	301	1	1	4
LIDC-IDRI-0153	56	216	209	1	1	4
LIDC-IDRI-0153	83	164	290	1	1	4
LIDC-IDRI-0154	71	461	266	1	1	4
LIDC-IDRI-0156	36	370	173	1	1	4
LIDC-IDRI-0157	78	413	311	1	1	2
LIDC-IDRI-0158	512	247	234	1	1	1
LIDC-IDRI-0159	66	118	215	1	1	1
LIDC-IDRI-0160	89	119	316	1	1	1
LIDC-IDRI-0161	85	376	169	1	1	2
LIDC-IDRI-0161	85	99	216	1	1	2
LIDC-IDRI-0162	59	421	246	1	1	2
LIDC-IDRI-0164	106	390	332	1	1	4
LIDC-IDRI-0164	191	339	247	1	1	2
LIDC-IDRI-0166	77	215	318	1	1	2
LIDC-IDRI-0167	72	376	147	1	1	1
LIDC-IDRI-0167	83	70	175	1	1	2
LIDC-IDRI-0168	67	118	229	1	1	1
LIDC-IDRI-0169	119	370	371	1	1	4
LIDC-IDRI-0170	116	200	215	1	1	4
LIDC-IDRI-0170	67	154	280	1	1	4
LIDC-IDRI-0171	24	192	342	1	1	2
LIDC-IDRI-0171	42	152	181	1	1	2
LIDC-IDRI-0171	46	374	233	1	1	2
LIDC-IDRI-0171	53	370	284	1	1	2
LIDC-IDRI-0171	57	386	277	1	1	2
LIDC-IDRI-0173	69	84	354	1	1	2
LIDC-IDRI-0176	173	171	240	1	1	2
LIDC-IDRI-0178	49	319	184	1	1	2
LIDC-IDRI-0179	18	150	286	1	1	2
LIDC-IDRI-0181	55	344	262	1	1	2
LIDC-IDRI-0181	61	181	220	1	1	1
LIDC-IDRI-0182	57	354	288	1	1	2
LIDC-IDRI-0182	76	138	291	1	1	2
LIDC-IDRI-0182	78	161	366	1	1	2
LIDC-IDRI-0183	27	167	344	1	1	4
LIDC-IDRI-0185	20	374	279	1	1	1
LIDC-IDRI-0185	68	133	178	1	1	2
LIDC-IDRI-0185	78	235	331	1	1	2
LIDC-IDRI-0186	18	345	307	1	1	5
LIDC-IDRI-0186	59	415	216	1	1	2
LIDC-IDRI-0186	62	339	125	1	1	1
LIDC-IDRI-0187	22	354	279	1	1	4
LIDC-IDRI-0187	47	148	333	1	1	2
LIDC-IDRI-0188	22	316	392	1	1	2
LIDC-IDRI-0188	38	367	352	1	1	4
LIDC-IDRI-0188	43	228	389	1	1	2
LIDC-IDRI-0188	54	189	434	1	1	4
LIDC-IDRI-0188	56	314	411	1	1	2
LIDC-IDRI-0190	36	400	264	1	1	4
LIDC-IDRI-0190	77	423	239	1	1	4
LIDC-IDRI-0191	45	145	267	1	1	5
LIDC-IDRI-0192	77	336	248	1	1	2
LIDC-IDRI-0192	79	401	278	1	1	2
LIDC-IDRI-0193	52	172	163	1	1	2
LIDC-IDRI-0194	55	356	234	1	1	4
LIDC-IDRI-0195	26	199	249	1	1	4
LIDC-IDRI-0195	48	105	299	1	1	4
LIDC-IDRI-0195	49	341	207	1	1	4
LIDC-IDRI-0195	79	358	197	1	1	4
LIDC-IDRI-0195	85	336	371	1	1	4
LIDC-IDRI-0195	89	308	374	1	1	4
LIDC-IDRI-0195	95	299	270	1	1	4
LIDC-IDRI-0199	148	391	195	1	1	2
LIDC-IDRI-0199	55	423	259	1	1	1
LIDC-IDRI-0199	85	331	367	1	1	2
LIDC-IDRI-0200	71	124	185	1	1	2
LIDC-IDRI-0201	23	310	319	1	1	2
LIDC-IDRI-0201	37	311	333	1	1	2
LIDC-IDRI-0201	51	409	286	1	1	1
LIDC-IDRI-0201	64	401	235	1	1	1
LIDC-IDRI-0201	70	182	182	1	1	4
LIDC-IDRI-0203	106	309	333	1	1	1
LIDC-IDRI-0203	31	315	217	1	1	4
LIDC-IDRI-0206	196	435	249	1	1	2
LIDC-IDRI-0206	41	207	255	1	1	2
LIDC-IDRI-0208	69	206	150	1	1	4
LIDC-IDRI-0209	95	178	374	1	1	4
LIDC-IDRI-0211	115	383	204	1	1	2
LIDC-IDRI-0211	78	367	365	1	1	5
LIDC-IDRI-0212	20	300	260	1	1	1
LIDC-IDRI-0213	36	126	332	1	1	1
LIDC-IDRI-0215	103	294	392	1	1	2
LIDC-IDRI-0215	72	385	322	1	1	1
LIDC-IDRI-0216	79	113	340	1	1	2
LIDC-IDRI-0217	101	212	320	1	1	4
LIDC-IDRI-0217	37	159	281	1	1	4
LIDC-IDRI-0217	52	116	272	1	1	4
LIDC-IDRI-0219	81	182	278	1	1	4
LIDC-IDRI-0221	35	380	258	1	1	5
LIDC-IDRI-0222	54	139	326	1	1	2
LIDC-IDRI-0223	198	341	259	1	1	4
LIDC-IDRI-0223	48	293	358	1	1	4
LIDC-IDRI-0229	38	352	304	1	1	4
LIDC-IDRI-0229	39	103	284	1	1	4
LIDC-IDRI-0229	45	110	254	1	1	5
LIDC-IDRI-0230	47	366	288	1	1	1
LIDC-IDRI-0231	77	131	324	1	1	1
LIDC-IDRI-0232	79	203	238	1	1	1
LIDC-IDRI-0235	44	164	359	1	1	2
LIDC-IDRI-0235	64	227	155	1	1	2
LIDC-IDRI-0235	91	74	253	1	1	2
LIDC-IDRI-0240	63	386	215	1	1	4
LIDC-IDRI-0240	73	113	306	1	1	2
LIDC-IDRI-0241	197	346	374	1	1	2
LIDC-IDRI-0241	197	74	337	1	1	2
LIDC-IDRI-0242	41	390	320	1	1	5
LIDC-IDRI-0243	73	195	393	1	1	2
LIDC-IDRI-0243	87	174	209	1	1	2
LIDC-IDRI-0244	63	391	205	1	1	1
LIDC-IDRI-0248	101	368	352	1	1	1
LIDC-IDRI-0249	90	199	372	1	1	4
LIDC-IDRI-0250	44	388	303	1	1	1
LIDC-IDRI-0250	45	367	325	1	1	4
LIDC-IDRI-0250	46	364	352	1	1	4
LIDC-IDRI-0254	42	129	266	1	1	2
LIDC-IDRI-0256	84	205	394	1	1	1
LIDC-IDRI-0257	64	200	342	1	1	4
LIDC-IDRI-0259	117	110	354	1	1	4
LIDC-IDRI-0260	25	125	254	1	1	2
LIDC-IDRI-0260	86	185	316	1	1	4
LIDC-IDRI-0260	87	226	195	1	1	4
LIDC-IDRI-0262	86	106	259	1	1	4
LIDC-IDRI-0263	50	172	157	1	1	2
LIDC-IDRI-0265	27	212	319	1	1	5
LIDC-IDRI-0267	100	154	337	1	1	5
LIDC-IDRI-0267	18	210	266	1	1	1
LIDC-IDRI-0268	49	193	167	1	1	1
LIDC-IDRI-0270	55	342	243	1	1	2
LIDC-IDRI-0271	64	393	302	1	1	2
LIDC-IDRI-0272	38	210	391	1	1	2
LIDC-IDRI-0273	74	91	257	1	1	2
LIDC-IDRI-0275	79	126	370	1	1	2
LIDC-IDRI-0280	195	127	288	1	1	2
LIDC-IDRI-0281	69	322	417	1	1	2
LIDC-IDRI-0284	22	290	283	1	1	1
LIDC-IDRI-0285	71	382	371	1	1	2
LIDC-IDRI-0286	98	376	279	1	1	1
LIDC-IDRI-0287	31	209	250	1	1	2
LIDC-IDRI-0289	58	399	256	1	1	2
LIDC-IDRI-0289	89	358	313	1	1	2
LIDC-IDRI-0290	26	153	359	1	1	2
LIDC-IDRI-0290	40	220	365	1	1	2
LIDC-IDRI-0290	44	380	313	1	1	2
LIDC-IDRI-0291	188	180	286	1	1	2
LIDC-IDRI-0294	71	314	205	1	1	4
LIDC-IDRI-0294	79	92	420	1	1	2
LIDC-IDRI-0297	351	333	400	1	1	2
LIDC-IDRI-0298	39	198	242	1	1	2
LIDC-IDRI-0298	78	292	322	1	1	2
LIDC-IDRI-0299	173	103	282	1	1	2
LIDC-IDRI-0299	86	236	268	1	1	4
LIDC-IDRI-0300	181	191	113	1	1	2
LIDC-IDRI-0300	198	81	154	1	1	2
LIDC-IDRI-0301	345	159	333	1	1	2
LIDC-IDRI-0304	49	397	353	1	1	4
LIDC-IDRI-0305	100	349	251	1	1	4
LIDC-IDRI-0305	105	166	171	1	1	4
LIDC-IDRI-0305	108	109	358	1	1	2
LIDC-IDRI-0305	24	167	311	1	1	4
LIDC-IDRI-0305	58	276	194	1	1	4
LIDC-IDRI-0308	145	336	365	1	1	2
LIDC-IDRI-0308	328	84	261	1	1	2
LIDC-IDRI-0309	116	375	127	1	1	2
LIDC-IDRI-0309	13	381	266	1	1	2
LIDC-IDRI-0309	22	206	317	1	1	1
LIDC-IDRI-0309	35	129	207	1	1	4
LIDC-IDRI-0311	72	338	287	1	1	5
LIDC-IDRI-0312	178	420	391	1	1	4
LIDC-IDRI-0312	198	104	389	1	1	4
LIDC-IDRI-0312	198	454	344	1	1	4
LIDC-IDRI-0313	73	379	224	1	1	5
LIDC-IDRI-0315	50	324	358	1	1	4
LIDC-IDRI-0317	15	378	257	1	1	2
LIDC-IDRI-0318	211	54	264	1	1	2
LIDC-IDRI-0321	82	362	275	1	1	1
LIDC-IDRI-0321	94	382	297	1	1	1
LIDC-IDRI-0323	44	120	153	1	1	2
LIDC-IDRI-0324	36	351	333	1	1	2
LIDC-IDRI-0325	128	167	366	1	1	4
LIDC-IDRI-0329	50	147	257	1	1	2
LIDC-IDRI-0332	128	118	224	1	1	4
LIDC-IDRI-0332	136	117	251	1	1	5
LIDC-IDRI-0332	43	122	333	1	1	1
LIDC-IDRI-0332	63	99	294	1	1	2
LIDC-IDRI-0334	54	133	210	1	1	2
LIDC-IDRI-0334	70	202	265	1	1	4
LIDC-IDRI-0335	66	344	344	1	1	2
LIDC-IDRI-0337	13	194	374	1	1	5
LIDC-IDRI-0337	19	188	365	1	1	5
LIDC-IDRI-0337	61	90	227	1	1	5
LIDC-IDRI-0339	42	409	294	1	1	2
LIDC-IDRI-0340	353	400	338	1	1	2
LIDC-IDRI-0341	166	427	303	1	1	2
LIDC-IDRI-0341	171	51	225	1	1	2
LIDC-IDRI-0345	129	79	280	1	1	2
LIDC-IDRI-0346	30	141	380	1	1	1
LIDC-IDRI-0346	43	222	337	1	1	1
LIDC-IDRI-0346	63	380	389	1	1	1
LIDC-IDRI-0347	47	234	158	1	1	2
LIDC-IDRI-0347	55	392	168	1	1	1
LIDC-IDRI-0347	61	108	322	1	1	4
LIDC-IDRI-0350	29	124	305	1	1	2
LIDC-IDRI-0351	17	342	287	1	1	1
LIDC-IDRI-0351	39	112	133	1	1	4
LIDC-IDRI-0352	74	99	274	1	1	2
LIDC-IDRI-0353	176	140	338	1	1	1
LIDC-IDRI-0353	61	397	264	1	1	4
LIDC-IDRI-0354	53	80	338	1	1	1
LIDC-IDRI-0355	64	397	198	1	1	4
LIDC-IDRI-0355	66	164	145	1	1	2
LIDC-IDRI-0356	46	115	215	1	1	2
LIDC-IDRI-0356	79	429	289	1	1	2
LIDC-IDRI-0358	175	156	232	1	1	2
LIDC-IDRI-0358	180	359	123	1	1	2
LIDC-IDRI-0358	237	301	172	1	1	2
LIDC-IDRI-0358	237	376	95	1	1	2
LIDC-IDRI-0358	244	416	143	1	1	2
LIDC-IDRI-0358	252	182	303	1	1	1
LIDC-IDRI-0358	262	120	323	1	1	2
LIDC-IDRI-0359	24	377	241	1	1	2
LIDC-IDRI-0360	122	166	195	1	1	2
LIDC-IDRI-0360	168	196	246	1	1	2
LIDC-IDRI-0362	38	113	296	1	1	5
LIDC-IDRI-0363	149	109	194	1	1	2
LIDC-IDRI-0366	38	157	348	1	1	4
LIDC-IDRI-0367	279	376	335	1	1	1
LIDC-IDRI-0368	45	392	320	1	1	1
LIDC-IDRI-0368	49	398	281	1	1	1
LIDC-IDRI-0368	76	448	222	1	1	4
LIDC-IDRI-0370	282	416	318	1	1	2
LIDC-IDRI-0371	360	463	302	1	1	2
LIDC-IDRI-0372	200	183	356	1	1	1
LIDC-IDRI-0374	159	449	290	1	1	2
LIDC-IDRI-0375	237	157	183	1	1	1
LIDC-IDRI-0376	354	413	342	1	1	2
LIDC-IDRI-0377	74	355	159	1	1	1
LIDC-IDRI-0377	85	382	309	1	1	5
LIDC-IDRI-0379	62	100	358	1	1	2
LIDC-IDRI-0380	59	131	190	1	1	2
LIDC-IDRI-0384	169	166	192	1	1	2
LIDC-IDRI-0384	44	195	297	1	1	2
LIDC-IDRI-0385	103	379	342	1	1	4
LIDC-IDRI-0385	88	310	268	1	1	4
LIDC-IDRI-0386	116	389	228	1	1	4
LIDC-IDRI-0387	41	385	316	1	1	4
LIDC-IDRI-0388	109	91	250	1	1	2
LIDC-IDRI-0388	184	89	360	1	1	2
LIDC-IDRI-0388	51	172	309	1	1	2
LIDC-IDRI-0388	57	89	294	1	1	2
LIDC-IDRI-0390	35	191	179	1	1	1
LIDC-IDRI-0390	38	133	361	1	1	1
LIDC-IDRI-0390	41	103	337	1	1	1
LIDC-IDRI-0390	50	165	266	1	1	1
LIDC-IDRI-0390	63	192	339	1	1	1
LIDC-IDRI-0390	63	96	196	1	1	2
LIDC-IDRI-0390	64	159	243	1	1	1
LIDC-IDRI-0390	74	409	208	1	1	1
LIDC-IDRI-0392	51	403	230	1	1	2
LIDC-IDRI-0394	101	91	287	1	1	4
LIDC-IDRI-0395	81	156	244	1	1	2
LIDC-IDRI-0395	90	363	351	1	1	4
LIDC-IDRI-0396	65	156	333	1	1	1
LIDC-IDRI-0398	62	187	330	1	1	4
LIDC-IDRI-0399	116	175	158	1	1	2
LIDC-IDRI-0399	155	405	329	1	1	2
LIDC-IDRI-0400	107	400	158	1	1	4
LIDC-IDRI-0400	86	176	163	1	1	2
LIDC-IDRI-0402	26	298	291	1	1	4
LIDC-IDRI-0402	61	331	230	1	1	2
LIDC-IDRI-0403	182	151	429	1	1	1
LIDC-IDRI-0404	100	125	296	1	1	4
LIDC-IDRI-0404	121	318	352	1	1	4
LIDC-IDRI-0404	97	134	244	1	1	4
LIDC-IDRI-0405	127	412	276	1	1	1
LIDC-IDRI-0405	213	171	298	1	1	2
LIDC-IDRI-0406	394	168	343	1	1	1
LIDC-IDRI-0407	83	401	208	1	1	1
LIDC-IDRI-0407	84	113	361	1	1	2
LIDC-IDRI-0409	257	184	374	1	1	2
LIDC-IDRI-0411	341	448	227	1	1	2
LIDC-IDRI-0411	347	446	228	1	1	2
LIDC-IDRI-0412	156	101	213	1	1	2
LIDC-IDRI-0412	171	183	390	1	1	2
LIDC-IDRI-0413	103	170	356	1	1	2
LIDC-IDRI-0413	106	158	331	1	1	2
LIDC-IDRI-0413	74	402	295	1	1	2
LIDC-IDRI-0414	56	205	263	1	1	4
LIDC-IDRI-0415	126	79	275	1	1	4
LIDC-IDRI-0415	140	84	392	1	1	2
LIDC-IDRI-0415	150	92	318	1	1	4
LIDC-IDRI-0415	45	277	223	1	1	5
LIDC-IDRI-0415	60	263	253	1	1	5
LIDC-IDRI-0415	74	287	219	1	1	5
LIDC-IDRI-0419	51	427	268	1	1	2
LIDC-IDRI-0420	102	146	78	1	1	4
LIDC-IDRI-0421	42	142	248	1	1	1
LIDC-IDRI-0423	111	361	165	1	1	4
LIDC-IDRI-0424	131	443	199	1	1	2
LIDC-IDRI-0426	68	410	273	1	1	1
LIDC-IDRI-0427	202	131	252	1	1	2
LIDC-IDRI-0427	281	132	103	1	1	2
LIDC-IDRI-0429	73	337	237	1	1	5
LIDC-IDRI-0431	94	328	398	1	1	2
LIDC-IDRI-0432	31	314	310	1	1	1
LIDC-IDRI-0433	164	373	361	1	1	2
LIDC-IDRI-0433	206	118	368	1	1	2
LIDC-IDRI-0434	249	158	197	1	1	2
LIDC-IDRI-0435	47	132	110	1	1	2
LIDC-IDRI-0435	57	136	288	1	1	2
LIDC-IDRI-0435	65	79	350	1	1	2
LIDC-IDRI-0435	65	91	387	1	1	1
LIDC-IDRI-0435	74	159	188	1	1	2
LIDC-IDRI-0435	78	126	202	1	1	2
LIDC-IDRI-0436	31	231	193	1	1	1
LIDC-IDRI-0436	51	119	209	1	1	4
LIDC-IDRI-0437	253	395	325	1	1	1
LIDC-IDRI-0437	343	184	339	1	1	1
LIDC-IDRI-0437	350	332	408	1	1	2
LIDC-IDRI-0437	394	205	353	1	1	2
LIDC-IDRI-0439	51	438	265	1	1	2
LIDC-IDRI-0440	156	304	156	1	1	1
LIDC-IDRI-0442	25	437	269	1	1	2
LIDC-IDRI-0443	113	232	177	1	1	2
LIDC-IDRI-0443	343	365	345	1	1	2
LIDC-IDRI-0444	86	99	262	1	1	2
LIDC-IDRI-0447	104	408	337	1	1	2
LIDC-IDRI-0447	29	379	293	1	1	2
LIDC-IDRI-0447	64	103	268	1	1	2
LIDC-IDRI-0447	91	411	199	1	1	1
LIDC-IDRI-0447	93	426	285	1	1	5
LIDC-IDRI-0449	57	87	215	1	1	2
LIDC-IDRI-0450	119	122	424	1	1	4
LIDC-IDRI-0450	65	411	291	1	1	4
LIDC-IDRI-0450	98	87	369	1	1	2
LIDC-IDRI-0452	90	164	411	1	1	2
LIDC-IDRI-0453	103	337	318	1	1	4
LIDC-IDRI-0454	116	159	294	1	1	5
LIDC-IDRI-0454	119	213	258	1	1	4
LIDC-IDRI-0454	146	182	328	1	1	4
LIDC-IDRI-0454	211	422	277	1	1	2
LIDC-IDRI-0454	66	212	333	1	1	4
LIDC-IDRI-0454	78	195	293	1	1	2
LIDC-IDRI-0458	123	441	276	1	1	4
LIDC-IDRI-0458	51	86	302	1	1	1
LIDC-IDRI-0459	111	129	334	1	1	1
LIDC-IDRI-0459	155	130	327	1	1	1
LIDC-IDRI-0459	176	407	172	1	1	1
LIDC-IDRI-0459	197	372	202	1	1	1
LIDC-IDRI-0460	215	378	200	1	1	2
LIDC-IDRI-0460	252	152	167	1	1	2
LIDC-IDRI-0461	112	150	288	1	1	1
LIDC-IDRI-0461	149	90	317	1	1	1
LIDC-IDRI-0461	29	351	235	1	1	2
LIDC-IDRI-0461	86	102	272	1	1	1
LIDC-IDRI-0462	218	201	192	1	1	2
LIDC-IDRI-0462	267	112	308	1	1	4
LIDC-IDRI-0462	284	81	306	1	1	2
LIDC-IDRI-0463	349	489	280	1	1	2
LIDC-IDRI-0464	113	114	182	1	1	1
LIDC-IDRI-0464	36	145	256	1	1	4
LIDC-IDRI-0466	131	99	221	1	1	4
LIDC-IDRI-0466	134	208	227	1	1	5
LIDC-IDRI-0466	142	398	164	1	1	1
LIDC-IDRI-0466	34	129	269	1	1	2
LIDC-IDRI-0469	62	314	340	1	1	2
LIDC-IDRI-0469	82	81	291	1	1	2
LIDC-IDRI-0470	149	223	163	1	1	2
LIDC-IDRI-0470	172	116	322	1	1	5
LIDC-IDRI-0471	60	318	404	1	1	2
LIDC-IDRI-0471	70	301	399	1	1	2
LIDC-IDRI-0473	165	113	166	1	1	2
LIDC-IDRI-0473	204	42	221	1	1	2
LIDC-IDRI-0473	91	192	334	1	1	2
LIDC-IDRI-0474	38	113	231	1	1	2
LIDC-IDRI-0474	84	315	334	1	1	1
LIDC-IDRI-0475	80	413	335	1	1	2
LIDC-IDRI-0476	112	363	211	1	1	4
LIDC-IDRI-0476	118	159	187	1	1	2
LIDC-IDRI-0476	138	365	177	1	1	4
LIDC-IDRI-0477	129	156	397	1	1	2
LIDC-IDRI-0477	131	326	399	1	1	1
LIDC-IDRI-0477	28	170	287	1	1	4
LIDC-IDRI-0477	59	99	281	1	1	2
LIDC-IDRI-0477	70	117	250	1	1	4
LIDC-IDRI-0478	376	471	352	1	1	1
LIDC-IDRI-0479	275	167	122	1	1	2
LIDC-IDRI-0481	145	133	427	1	1	4
LIDC-IDRI-0481	149	449	270	1	1	2
LIDC-IDRI-0481	163	170	450	1	1	2
LIDC-IDRI-0481	178	414	264	1	1	2
LIDC-IDRI-0483	183	87	204	1	1	4
LIDC-IDRI-0484	71	148	373	1	1	4
LIDC-IDRI-0485	110	159	222	1	1	1
LIDC-IDRI-0485	130	367	221	1	1	2
LIDC-IDRI-0485	96	399	248	1	1	2
LIDC-IDRI-0486	192	150	401	1	1	2
LIDC-IDRI-0487	176	123	146	1	1	2
LIDC-IDRI-0487	199	333	430	1	1	2
LIDC-IDRI-0488	71	292	350	1	1	2
LIDC-IDRI-0489	47	368	350	1	1	4
LIDC-IDRI-0489	73	170	395	1	1	5
LIDC-IDRI-0489	99	161	363	1	1	5
LIDC-IDRI-0490	282	357	233	1	1	4
LIDC-IDRI-0491	111	183	231	1	1	1
LIDC-IDRI-0491	219	376	232	1	1	1
LIDC-IDRI-0491	222	305	187	1	1	1
LIDC-IDRI-0491	241	177	435	1	1	1
LIDC-IDRI-0491	281	116	380	1	1	1
LIDC-IDRI-0491	375	436	201	1	1	1
LIDC-IDRI-0491	398	150	392	1	1	1
LIDC-IDRI-0491	422	82	227	1	1	1
LIDC-IDRI-0491	443	157	359	1	1	1
LIDC-IDRI-0492	114	79	227	1	1	2
LIDC-IDRI-0492	142	96	185	1	1	2
LIDC-IDRI-0493	156	227	299	1	1	4
LIDC-IDRI-0493	192	339	370	1	1	2
LIDC-IDRI-0494	45	184	396	1	1	2
LIDC-IDRI-0494	48	148	398	1	1	2
LIDC-IDRI-0495	148	147	117	1	1	2
LIDC-IDRI-0496	174	91	155	1	1	2
LIDC-IDRI-0496	36	130	329	1	1	2
LIDC-IDRI-0497	95	90	227	1	1	4
LIDC-IDRI-0498	74	158	257	1	1	4
LIDC-IDRI-0499	66	86	150	1	1	2
LIDC-IDRI-0507	113	360	300	1	1	4
LIDC-IDRI-0507	116	172	377	1	1	4
LIDC-IDRI-0508	165	222	158	1	1	2
LIDC-IDRI-0509	16	161	326	1	1	2
LIDC-IDRI-0509	19	106	264	1	1	2
LIDC-IDRI-0515	110	208	357	1	1	4
LIDC-IDRI-0516	61	409	281	1	1	2
LIDC-IDRI-0518	33	362	329	1	1	2
LIDC-IDRI-0518	37	219	358	1	1	2
LIDC-IDRI-0520	111	208	327	1	1	1
LIDC-IDRI-0520	283	434	327	1	1	1
LIDC-IDRI-0521	140	386	181	1	1	1
LIDC-IDRI-0521	161	415	181	1	1	4
LIDC-IDRI-0523	109	160	172	1	1	2
LIDC-IDRI-0523	45	319	356	1	1	2
LIDC-IDRI-0523	60	187	354	1	1	2
LIDC-IDRI-0524	166	135	171	1	1	2
LIDC-IDRI-0524	171	465	215	1	1	2
LIDC-IDRI-0524	197	442	342	1	1	2
LIDC-IDRI-0524	200	56	298	1	1	2
LIDC-IDRI-0524	262	77	373	1	1	2
LIDC-IDRI-0525	100	131	287	1	1	4
LIDC-IDRI-0525	206	424	283	1	1	1
LIDC-IDRI-0526	20	167	299	1	1	4
LIDC-IDRI-0526	41	93	293	1	1	2
LIDC-IDRI-0526	52	325	391	1	1	4
LIDC-IDRI-0527	85	133	276	1	1	4
LIDC-IDRI-0529	273	409	158	1	1	2
LIDC-IDRI-0529	482	450	230	1	1	4
LIDC-IDRI-0530	103	385	214	1	1	2
LIDC-IDRI-0530	53	122	316	1	1	2
LIDC-IDRI-0530	81	175	140	1	1	2
LIDC-IDRI-0532	91	129	415	1	1	1
LIDC-IDRI-0534	46	333	377	1	1	1
LIDC-IDRI-0534	73	172	392	1	1	2
LIDC-IDRI-0535	107	116	328	1	1	1
LIDC-IDRI-0535	122	326	410	1	1	2
LIDC-IDRI-0541	46	131	378	1	1	1
LIDC-IDRI-0541	69	80	331	1	1	1
LIDC-IDRI-0543	97	413	311	1	1	4
LIDC-IDRI-0545	124	398	285	1	1	2
LIDC-IDRI-0546	146	416	273	1	1	4
LIDC-IDRI-0547	141	428	358	1	1	2
LIDC-IDRI-0552	80	84	364	1	1	4
LIDC-IDRI-0557	113	117	354	1	1	4
LIDC-IDRI-0557	207	407	169	1	1	2
LIDC-IDRI-0562	67	141	337	1	1	4
LIDC-IDRI-0563	84	72	185	1	1	2
LIDC-IDRI-0565	103	418	269	1	1	2
LIDC-IDRI-0565	54	359	294	1	1	5
LIDC-IDRI-0565	85	111	228	1	1	2
LIDC-IDRI-0565	93	434	249	1	1	2
LIDC-IDRI-0565	95	124	393	1	1	2
LIDC-IDRI-0566	92	186	409	1	1	2
LIDC-IDRI-0567	104	350	400	1	1	1
LIDC-IDRI-0567	241	410	342	1	1	1
LIDC-IDRI-0568	125	104	263	1	1	1
LIDC-IDRI-0568	134	88	219	1	1	1
LIDC-IDRI-0569	44	357	354	1	1	1
LIDC-IDRI-0571	40	128	256	1	1	2
LIDC-IDRI-0571	70	204	130	1	1	1
LIDC-IDRI-0571	70	384	146	1	1	2
LIDC-IDRI-0572	378	76	300	1	1	2
LIDC-IDRI-0575	245	355	354	1	1	4
LIDC-IDRI-0576	100	170	288	1	1	4
LIDC-IDRI-0576	251	183	355	1	1	2
LIDC-IDRI-0576	94	70	253	1	1	2
LIDC-IDRI-0577	39	123	308	1	1	2
LIDC-IDRI-0577	43	219	155	1	1	2
LIDC-IDRI-0577	51	314	383	1	1	2
LIDC-IDRI-0578	56	133	226	1	1	2
LIDC-IDRI-0581	95	79	169	1	1	2
LIDC-IDRI-0582	116	385	182	1	1	2
LIDC-IDRI-0582	207	139	234	1	1	1
LIDC-IDRI-0582	231	170	431	1	1	2
LIDC-IDRI-0582	278	378	425	1	1	2
LIDC-IDRI-0582	280	179	432	1	1	2
LIDC-IDRI-0582	297	401	122	1	1	2
LIDC-IDRI-0582	32	256	296	1	1	2
LIDC-IDRI-0583	110	99	248	1	1	1
LIDC-IDRI-0583	118	411	240	1	1	2
LIDC-IDRI-0583	132	87	278	1	1	2
LIDC-IDRI-0583	208	73	226	1	1	2
LIDC-IDRI-0583	98	400	373	1	1	4
LIDC-IDRI-0586	50	130	327	1	1	2
LIDC-IDRI-0586	77	427	274	1	1	2
LIDC-IDRI-0586	82	78	266	1	1	2
LIDC-IDRI-0587	112	98	315	1	1	1
LIDC-IDRI-0587	84	386	308	1	1	2
LIDC-IDRI-0587	97	319	185	1	1	5
LIDC-IDRI-0588	61	158	258	1	1	2
LIDC-IDRI-0594	158	88	372	1	1	2
LIDC-IDRI-0594	86	124	193	1	1	2
LIDC-IDRI-0595	27	146	361	1	1	4
LIDC-IDRI-0599	238	334	436	1	1	1
LIDC-IDRI-0599	63	163	257	1	1	1
LIDC-IDRI-0601	178	102	380	1	1	2
LIDC-IDRI-0601	188	193	403	1	1	4
LIDC-IDRI-0601	211	316	272	1	1	1
LIDC-IDRI-0601	219	67	315	1	1	2
LIDC-IDRI-0601	220	295	361	1	1	2
LIDC-IDRI-0602	103	180	220	1	1	2
LIDC-IDRI-0602	134	415	255	1	1	2
LIDC-IDRI-0602	71	381	222	1	1	2
LIDC-IDRI-0604	200	284	132	1	1	1
LIDC-IDRI-0604	200	369	227	1	1	2
LIDC-IDRI-0604	209	367	196	1	1	2
LIDC-IDRI-0604	287	430	230	1	1	1
LIDC-IDRI-0605	102	443	250	1	1	2
LIDC-IDRI-0605	109	402	166	1	1	2
LIDC-IDRI-0605	73	398	229	1	1	2
LIDC-IDRI-0605	79	91	176	1	1	2
LIDC-IDRI-0605	86	378	364	1	1	2
LIDC-IDRI-0605	87	90	275	1	1	2
LIDC-IDRI-0606	222	187	299	1	1	5
LIDC-IDRI-0607	42	345	190	1	1	2
LIDC-IDRI-0607	87	89	196	1	1	2
LIDC-IDRI-0608	123	163	217	1	1	1
LIDC-IDRI-0608	135	108	255	1	1	1
LIDC-IDRI-0608	138	97	238	1	1	4
LIDC-IDRI-0608	84	130	357	1	1	4
LIDC-IDRI-0608	96	352	394	1	1	1
LIDC-IDRI-0609	198	147	215	1	1	1
LIDC-IDRI-0610	20	185	338	1	1	4
LIDC-IDRI-0610	53	353	344	1	1	1
LIDC-IDRI-0614	167	373	175	1	1	4
LIDC-IDRI-0614	260	367	318	1	1	2
LIDC-IDRI-0615	107	152	279	1	1	2
LIDC-IDRI-0615	112	387	284	1	1	1
LIDC-IDRI-0615	140	84	227	1	1	2
LIDC-IDRI-0617	160	113	254	1	1	4
LIDC-IDRI-0617	264	120	197	1	1	1
LIDC-IDRI-0619	76	110	239	1	1	5
LIDC-IDRI-0620	106	139	126	1	1	2
LIDC-IDRI-0620	150	118	135	1	1	2
LIDC-IDRI-0620	153	395	271	1	1	4
LIDC-IDRI-0624	170	103	191	1	1	2
LIDC-IDRI-0625	287	461	296	1	1	4
LIDC-IDRI-0626	56	114	244	1	1	2
LIDC-IDRI-0628	115	100	235	1	1	4
LIDC-IDRI-0628	144	101	177	1	1	2
LIDC-IDRI-0628	198	82	342	1	1	4
LIDC-IDRI-0628	202	452	292	1	1	4
LIDC-IDRI-0628	203	402	365	1	1	4
LIDC-IDRI-0629	42	205	303	1	1	4
LIDC-IDRI-0629	81	218	376	1	1	2
LIDC-IDRI-0634	174	130	390	1	1	1
LIDC-IDRI-0636	141	403	294	1	1	2
LIDC-IDRI-0637	130	409	246	1	1	2
LIDC-IDRI-0637	196	126	162	1	1	2
LIDC-IDRI-0637	246	380	153	1	1	2
LIDC-IDRI-0637	249	424	178	1	1	2
LIDC-IDRI-0637	304	42	265	1	1	2
LIDC-IDRI-0637	323	462	294	1	1	2
LIDC-IDRI-0637	96	142	190	1	1	2
LIDC-IDRI-0638	28	146	336	1	1	2
LIDC-IDRI-0638	69	138	173	1	1	4
LIDC-IDRI-0639	107	140	351	1	1	4
LIDC-IDRI-0640	79	422	214	1	1	1
LIDC-IDRI-0641	110	157	136	1	1	2
LIDC-IDRI-0641	118	52	235	1	1	2
LIDC-IDRI-0641	63	81	250	1	1	2
LIDC-IDRI-0641	74	419	184	1	1	2
LIDC-IDRI-0641	93	156	261	1	1	1
LIDC-IDRI-0642	51	295	167	1	1	1
LIDC-IDRI-0643	92	52	320	1	1	1
LIDC-IDRI-0647	311	162	124	1	1	4
LIDC-IDRI-0648	263	295	394	1	1	1
LIDC-IDRI-0648	274	357	374	1	1	1
LIDC-IDRI-0648	297	339	353	1	1	1
LIDC-IDRI-0649	127	78	242	1	1	1
LIDC-IDRI-0649	142	101	185	1	1	1
LIDC-IDRI-0649	162	456	271	1	1	1
LIDC-IDRI-0649	166	140	352	1	1	1
LIDC-IDRI-0649	183	450	214	1	1	1
LIDC-IDRI-0649	195	346	350	1	1	1
LIDC-IDRI-0649	196	64	331	1	1	1
LIDC-IDRI-0649	196	69	209	1	1	1
LIDC-IDRI-0649	56	292	244	1	1	1
LIDC-IDRI-0649	63	413	235	1	1	1
LIDC-IDRI-0650	36	178	317	1	1	4
LIDC-IDRI-0651	113	359	337	1	1	2
LIDC-IDRI-0652	116	422	169	1	1	2
LIDC-IDRI-0655	258	60	290	1	1	4
LIDC-IDRI-0655	343	485	227	1	1	2
LIDC-IDRI-0655	53	186	338	1	1	2
LIDC-IDRI-0655	64	196	349	1	1	2
LIDC-IDRI-0656	177	322	359	1	1	2
LIDC-IDRI-0660	105	405	361	1	1	4
LIDC-IDRI-0661	127	136	204	1	1	2
LIDC-IDRI-0661	162	429	250	1	1	2
LIDC-IDRI-0661	53	155	287	1	1	5
LIDC-IDRI-0662	78	117	296	1	1	2
LIDC-IDRI-0662	88	116	310	1	1	2
LIDC-IDRI-0662	97	162	217	1	1	1
LIDC-IDRI-0663	233	135	138	1	1	4
LIDC-IDRI-0663	58	362	269	1	1	4
LIDC-IDRI-0664	150	95	237	1	1	4
LIDC-IDRI-0666	48	398	330	1	1	2
LIDC-IDRI-0666	88	138	377	1	1	2
LIDC-IDRI-0666	96	418	337	1	1	2
LIDC-IDRI-0669	78	133	244	1	1	2
LIDC-IDRI-0670	45	188	236	1	1	4
LIDC-IDRI-0671	52	190	193	1	1	4
LIDC-IDRI-0671	56	221	308	1	1	4
LIDC-IDRI-0673	89	132	346	1	1	2
LIDC-IDRI-0674	244	471	299	1	1	4
LIDC-IDRI-0674	97	116	199	1	1	1
LIDC-IDRI-0677	30	357	206	1	1	1
LIDC-IDRI-0678	58	125	273	1	1	5
LIDC-IDRI-0682	120	389	304	1	1	4
LIDC-IDRI-0686	118	346	204	1	1	4
LIDC-IDRI-0686	150	176	174	1	1	4
LIDC-IDRI-0686	40	144	283	1	1	4
LIDC-IDRI-0686	44	400	264	1	1	4
LIDC-IDRI-0686	56	121	326	1	1	4
LIDC-IDRI-0686	56	145	244	1	1	4
LIDC-IDRI-0686	85	190	341	1	1	4
LIDC-IDRI-0686	96	378	268	1	1	4
LIDC-IDRI-0686	97	181	190	1	1	4
LIDC-IDRI-0688	268	167	249	1	1	2
LIDC-IDRI-0688	282	37	285	1	1	2
LIDC-IDRI-0693	81	428	211	1	1	1
LIDC-IDRI-0697	38	332	192	1	1	5
LIDC-IDRI-0698	129	150	306	1	1	5
LIDC-IDRI-0698	136	251	279	1	1	4
LIDC-IDRI-0701	122	108	375	1	1	1
LIDC-IDRI-0701	30	353	262	1	1	5
LIDC-IDRI-0702	180	383	211	1	1	2
LIDC-IDRI-0702	245	109	332	1	1	5
LIDC-IDRI-0702	298	348	318	1	1	2
LIDC-IDRI-0702	41	287	271	1	1	2
LIDC-IDRI-0702	52	326	236	1	1	2
LIDC-IDRI-0702	86	142	306	1	1	5
LIDC-IDRI-0703	133	139	375	1	1	5
LIDC-IDRI-0704	173	381	270	1	1	4
LIDC-IDRI-0704	245	359	325	1	1	1
LIDC-IDRI-0706	43	128	268	1	1	4
LIDC-IDRI-0707	32	173	252	1	1	2
LIDC-IDRI-0707	67	388	239	1	1	2
LIDC-IDRI-0707	67	89	348	1	1	2
LIDC-IDRI-0708	34	124	299	1	1	1
LIDC-IDRI-0708	46	397	226	1	1	5
LIDC-IDRI-0709	10	187	234	1	1	1
LIDC-IDRI-0709	18	155	187	1	1	1
LIDC-IDRI-0709	28	452	296	1	1	2
LIDC-IDRI-0709	30	133	164	1	1	5
LIDC-IDRI-0709	41	432	177	1	1	1
LIDC-IDRI-0709	8	358	272	1	1	1
LIDC-IDRI-0713	21	157	404	1	1	5
LIDC-IDRI-0713	21	158	384	1	1	5
LIDC-IDRI-0713	56	125	318	1	1	1
LIDC-IDRI-0713	58	157	176	1	1	1
LIDC-IDRI-0713	75	91	316	1	1	1
LIDC-IDRI-0713	80	411	342	1	1	1
LIDC-IDRI-0713	83	58	382	1	1	1
LIDC-IDRI-0715	462	310	335	1	1	5
LIDC-IDRI-0717	207	408	293	1	1	1
LIDC-IDRI-0717	80	96	256	1	1	2
LIDC-IDRI-0719	30	218	371	1	1	4
LIDC-IDRI-0720	143	401	373	1	1	2
LIDC-IDRI-0720	145	119	329	1	1	4
LIDC-IDRI-0721	33	390	267	1	1	2
LIDC-IDRI-0721	37	75	287	1	1	1
LIDC-IDRI-0722	375	111	214	1	1	1
LIDC-IDRI-0724	53	350	239	1	1	1
LIDC-IDRI-0724	54	358	226	1	1	1
LIDC-IDRI-0724	62	397	214	1	1	2
LIDC-IDRI-0725	30	299	337	1	1	4
LIDC-IDRI-0726	221	166	296	1	1	1
LIDC-IDRI-0726	263	450	338	1	1	1
LIDC-IDRI-0727	147	172	372	1	1	1
LIDC-IDRI-0732	100	439	232	1	1	2
LIDC-IDRI-0732	38	163	309	1	1	4
LIDC-IDRI-0733	227	157	171	1	1	2
LIDC-IDRI-0733	254	101	150	1	1	2
LIDC-IDRI-0733	337	136	345	1	1	1
LIDC-IDRI-0735	72	115	332	1	1	2
LIDC-IDRI-0740	36	410	204	1	1	2
LIDC-IDRI-0740	45	123	236	1	1	2
LIDC-IDRI-0740	91	129	359	1	1	4
LIDC-IDRI-0741	102	175	246	1	1	2
LIDC-IDRI-0741	127	188	388	1	1	1
LIDC-IDRI-0741	90	419	238	1	1	1
LIDC-IDRI-0741	98	140	245	1	1	2
LIDC-IDRI-0742	52	163	355	1	1	2
LIDC-IDRI-0743	17	177	274	1	1	4
LIDC-IDRI-0743	43	188	303	1	1	4
LIDC-IDRI-0747	55	419	176	1	1	1
LIDC-IDRI-0748	105	412	304	1	1	2
LIDC-IDRI-0748	26	220	261	1	1	2
LIDC-IDRI-0748	73	117	170	1	1	2
LIDC-IDRI-0748	74	106	156	1	1	2
LIDC-IDRI-0748	82	88	187	1	1	2
LIDC-IDRI-0748	83	418	172	1	1	2
LIDC-IDRI-0748	88	99	306	1	1	2
LIDC-IDRI-0749	35	184	332	1	1	4
LIDC-IDRI-0749	59	166	215	1	1	4
LIDC-IDRI-0749	61	196	295	1	1	4
LIDC-IDRI-0749	74	153	149	1	1	4
LIDC-IDRI-0749	75	399	374	1	1	1
LIDC-IDRI-0750	22	211	356	1	1	2
LIDC-IDRI-0750	49	199	161	1	1	1
LIDC-IDRI-0751	59	110	316	1	1	2
LIDC-IDRI-0751	66	119	181	1	1	2
LIDC-IDRI-0751	74	419	359	1	1	2
LIDC-IDRI-0751	88	142	348	1	1	4
LIDC-IDRI-0752	72	325	207	1	1	4
LIDC-IDRI-0753	57	94	261	1	1	2
LIDC-IDRI-0753	60	93	277	1	1	5
LIDC-IDRI-0754	113	413	184	1	1	2
LIDC-IDRI-0754	143	223	110	1	1	2
LIDC-IDRI-0754	60	309	400	1	1	2
LIDC-IDRI-0757	102	189	224	1	1	1
LIDC-IDRI-0757	227	408	318	1	1	2
LIDC-IDRI-0759	86	440	207	1	1	4
LIDC-IDRI-0761	133	450	225	1	1	2
LIDC-IDRI-0762	166	61	268	1	1	4
LIDC-IDRI-0762	43	226	329	1	1	4
LIDC-IDRI-0762	87	420	210	1	1	2
LIDC-IDRI-0763	67	203	316	1	1	2
LIDC-IDRI-0765	58	445	298	1	1	2
LIDC-IDRI-0765	59	210	170	1	1	2
LIDC-IDRI-0767	105	102	132	1	1	2
LIDC-IDRI-0770	135	412	311	1	1	2
LIDC-IDRI-0770	148	335	435	1	1	4
LIDC-IDRI-0770	221	349	457	1	1	2
LIDC-IDRI-0770	247	305	365	1	1	1
LIDC-IDRI-0770	91	357	361	1	1	4
LIDC-IDRI-0772	35	195	195	1	1	5
LIDC-IDRI-0772	35	334	328	1	1	5
LIDC-IDRI-0773	23	134	249	1	1	4
LIDC-IDRI-0773	24	124	319	1	1	2
LIDC-IDRI-0773	51	357	267	1	1	1
LIDC-IDRI-0773	55	145	320	1	1	2
LIDC-IDRI-0773	66	116	217	1	1	2
LIDC-IDRI-0775	126	216	375	1	1	2
LIDC-IDRI-0775	171	149	174	1	1	4
LIDC-IDRI-0775	237	420	291	1	1	4
LIDC-IDRI-0775	249	113	420	1	1	4
LIDC-IDRI-0776	112	329	364	1	1	2
LIDC-IDRI-0776	188	74	323	1	1	2
LIDC-IDRI-0777	110	437	295	1	1	2
LIDC-IDRI-0777	114	415	336	1	1	2
LIDC-IDRI-0777	54	366	358	1	1	2
LIDC-IDRI-0777	62	407	187	1	1	2
LIDC-IDRI-0780	114	210	336	1	1	2
LIDC-IDRI-0780	194	402	231	1	1	1
LIDC-IDRI-0783	111	168	397	1	1	4
LIDC-IDRI-0785	117	300	185	1	1	5
LIDC-IDRI-0785	144	386	256	1	1	2
LIDC-IDRI-0785	76	335	207	1	1	5
LIDC-IDRI-0787	102	421	370	1	1	2
LIDC-IDRI-0787	91	456	273	1	1	2
LIDC-IDRI-0788	102	383	163	1	1	2
LIDC-IDRI-0788	125	172	383	1	1	2
LIDC-IDRI-0788	32	167	307	1	1	4
LIDC-IDRI-0790	104	374	136	1	1	5
LIDC-IDRI-0790	144	348	371	1	1	4
LIDC-IDRI-0791	196	120	321	1	1	1
LIDC-IDRI-0792	114	346	357	1	1	2
LIDC-IDRI-0792	69	92	282	1	1	2
LIDC-IDRI-0793	181	177	376	1	1	2
LIDC-IDRI-0795	49	354	320	1	1	2
LIDC-IDRI-0795	73	136	291	1	1	2
LIDC-IDRI-0796	82	353	203	1	1	5
LIDC-IDRI-0798	21	376	288	1	1	4
LIDC-IDRI-0798	44	328	382	1	1	2
LIDC-IDRI-0800	19	329	321	1	1	1
LIDC-IDRI-0800	60	407	203	1	1	2
LIDC-IDRI-0801	159	401	362	1	1	1
LIDC-IDRI-0801	43	131	354	1	1	1
LIDC-IDRI-0802	57	410	238	1	1	2
LIDC-IDRI-0806	149	369	166	1	1	2
LIDC-IDRI-0806	162	149	201	1	1	2
LIDC-IDRI-0806	176	88	265	1	1	4
LIDC-IDRI-0806	218	318	387	1	1	2
LIDC-IDRI-0806	227	344	128	1	1	2
LIDC-IDRI-0806	368	62	354	1	1	1
LIDC-IDRI-0806	50	138	318	1	1	2
LIDC-IDRI-0807	240	132	199	1	1	2
LIDC-IDRI-0807	283	111	395	1	1	2
LIDC-IDRI-0807	286	427	263	1	1	2
LIDC-IDRI-0807	298	68	209	1	1	2
LIDC-IDRI-0807	308	426	246	1	1	2
LIDC-IDRI-0807	418	421	399	1	1	2
LIDC-IDRI-0810	213	88	231	1	1	2
LIDC-IDRI-0811	126	153	354	1	1	4
LIDC-IDRI-0812	77	424	359	1	1	1
LIDC-IDRI-0814	134	178	130	1	1	2
LIDC-IDRI-0818	160	211	322	1	1	2
LIDC-IDRI-0819	102	173	341	1	1	2
LIDC-IDRI-0819	68	131	289	1	1	5
LIDC-IDRI-0819	98	158	323	1	1	1
LIDC-IDRI-0820	105	120	219	1	1	2
LIDC-IDRI-0822	115	142	182	1	1	2
LIDC-IDRI-0822	159	99	319	1	1	2
LIDC-IDRI-0822	185	120	150	1	1	2
LIDC-IDRI-0822	241	430	186	1	1	2
LIDC-IDRI-0823	66	134	400	1	1	1
LIDC-IDRI-0824	72	97	166	1	1	2
LIDC-IDRI-0824	80	163	389	1	1	2
LIDC-IDRI-0825	157	354	411	1	1	1
LIDC-IDRI-0826	106	146	299	1	1	4
LIDC-IDRI-0826	123	161	328	1	1	4
LIDC-IDRI-0827	296	154	167	1	1	2
LIDC-IDRI-0827	317	425	272	1	1	2
LIDC-IDRI-0829	88	315	171	1	1	4
LIDC-IDRI-0830	80	174	349	1	1	1
LIDC-IDRI-0830	93	123	326	1	1	2
LIDC-IDRI-0831	96	79	279	1	1	2
LIDC-IDRI-0832	79	450	375	1	1	2
LIDC-IDRI-0834	159	135	230	1	1	1
LIDC-IDRI-0834	227	182	306	1	1	5
LIDC-IDRI-0835	131	141	311	1	1	2
LIDC-IDRI-0837	185	146	401	1	1	2
LIDC-IDRI-0837	216	397	199	1	1	2
LIDC-IDRI-0838	225	382	415	1	1	2
LIDC-IDRI-0838	310	438	374	1	1	2
LIDC-IDRI-0838	364	462	316	1	1	2
LIDC-IDRI-0838	366	336	402	1	1	4
LIDC-IDRI-0840	30	393	243	1	1	2
LIDC-IDRI-0841	70	414	258	1	1	2
LIDC-IDRI-0842	49	326	147	1	1	1
LIDC-IDRI-0843	182	345	186	1	1	2
LIDC-IDRI-0843	230	140	216	1	1	1
LIDC-IDRI-0843	277	197	180	1	1	1
LIDC-IDRI-0843	297	109	398	1	1	1
LIDC-IDRI-0844	183	166	267	1	1	5
LIDC-IDRI-0844	294	414	167	1	1	2
LIDC-IDRI-0845	88	298	177	1	1	1
LIDC-IDRI-0846	29	361	209	1	1	2
LIDC-IDRI-0849	155	291	244	1	1	1
LIDC-IDRI-0849	155	305	262	1	1	1
LIDC-IDRI-0849	157	397	295	1	1	2
LIDC-IDRI-0849	197	372	138	1	1	1
LIDC-IDRI-0849	211	65	234	1	1	2
LIDC-IDRI-0849	334	437	353	1	1	2
LIDC-IDRI-0849	400	40	284	1	1	1
LIDC-IDRI-0850	190	92	176	1	1	4
LIDC-IDRI-0851	122	155	340	1	1	1
LIDC-IDRI-0851	152	353	302	1	1	2
LIDC-IDRI-0852	78	103	224	1	1	2
LIDC-IDRI-0854	199	379	151	1	1	2
LIDC-IDRI-0854	267	82	178	1	1	2
LIDC-IDRI-0855	13	193	296	1	1	1
LIDC-IDRI-0855	18	336	306	1	1	1
LIDC-IDRI-0855	20	196	316	1	1	1
LIDC-IDRI-0855	48	412	311	1	1	2
LIDC-IDRI-0855	68	454	243	1	1	2
LIDC-IDRI-0855	78	451	310	1	1	2
LIDC-IDRI-0856	48	364	270	1	1	2
LIDC-IDRI-0857	216	411	368	1	1	1
LIDC-IDRI-0858	238	136	326	1	1	1
LIDC-IDRI-0858	75	146	279	1	1	2
LIDC-IDRI-0860	104	358	357	1	1	2
LIDC-IDRI-0861	48	211	295	1	1	4
LIDC-IDRI-0861	64	324	403	1	1	1
LIDC-IDRI-0863	186	136	239	1	1	1
LIDC-IDRI-0863	189	145	248	1	1	1
LIDC-IDRI-0864	101	435	376	1	1	2
LIDC-IDRI-0865	99	191	267	1	1	5
LIDC-IDRI-0866	188	462	324	1	1	2
LIDC-IDRI-0866	189	457	268	1	1	2
LIDC-IDRI-0866	46	212	335	1	1	2
LIDC-IDRI-0866	52	165	215	1	1	1
LIDC-IDRI-0866	73	127	231	1	1	2
LIDC-IDRI-0866	90	401	183	1	1	1
LIDC-IDRI-0867	234	162	204	1	1	2
LIDC-IDRI-0869	176	172	252	1	1	2
LIDC-IDRI-0869	182	112	415	1	1	2
LIDC-IDRI-0869	193	166	213	1	1	4
LIDC-IDRI-0870	123	142	267	1	1	2
LIDC-IDRI-0870	138	312	346	1	1	2
LIDC-IDRI-0870	156	399	414	1	1	2
LIDC-IDRI-0870	94	127	380	1	1	2
LIDC-IDRI-0871	34	140	354	1	1	2
LIDC-IDRI-0871	41	328	373	1	1	2
LIDC-IDRI-0871	57	191	370	1	1	2
LIDC-IDRI-0871	69	392	215	1	1	2
LIDC-IDRI-0872	70	411	313	1	1	1
LIDC-IDRI-0873	38	132	314	1	1	4
LIDC-IDRI-0874	110	233	205	1	1	1
LIDC-IDRI-0874	235	90	308	1	1	2
LIDC-IDRI-0874	315	122	257	1	1	2
LIDC-IDRI-0875	45	146	332	1	1	5
LIDC-IDRI-0875	58	156	331	1	1	4
LIDC-IDRI-0875	95	349	357	1	1	4
LIDC-IDRI-0879	111	109	194	1	1	2
LIDC-IDRI-0879	138	105	176	1	1	1
LIDC-IDRI-0879	219	340	339	1	1	1
LIDC-IDRI-0879	229	334	325	1	1	1
LIDC-IDRI-0879	229	346	323	1	1	2
LIDC-IDRI-0879	232	216	308	1	1	2
LIDC-IDRI-0880	133	169	362	1	1	2
LIDC-IDRI-0880	144	60	288	1	1	4
LIDC-IDRI-0882	68	351	310	1	1	2
LIDC-IDRI-0883	166	229	127	1	1	1
LIDC-IDRI-0883	183	399	147	1	1	2
LIDC-IDRI-0884	55	219	282	1	1	2
LIDC-IDRI-0884	55	375	248	1	1	5
LIDC-IDRI-0886	34	265	185	1	1	4
LIDC-IDRI-0886	69	439	233	1	1	1
LIDC-IDRI-0888	115	180	350	1	1	4
LIDC-IDRI-0890	170	122	156	1	1	5
LIDC-IDRI-0892	35	195	222	1	1	2
LIDC-IDRI-0892	56	372	170	1	1	4
LIDC-IDRI-0893	189	168	335	1	1	4
LIDC-IDRI-0893	228	431	332	1	1	4
LIDC-IDRI-0893	43	361	319	1	1	2
LIDC-IDRI-0894	139	210	372	1	1	2
LIDC-IDRI-0895	362	443	260	1	1	2
LIDC-IDRI-0895	61	199	283	1	1	4
LIDC-IDRI-0898	210	360	269	1	1	2
LIDC-IDRI-0898	87	121	345	1	1	4
LIDC-IDRI-0899	21	91	288	1	1	2
LIDC-IDRI-0899	40	153	347	1	1	1
LIDC-IDRI-0902	232	72	308	1	1	2
LIDC-IDRI-0902	384	303	349	1	1	2
LIDC-IDRI-0904	31	197	384	1	1	4
LIDC-IDRI-0906	102	305	307	1	1	1
LIDC-IDRI-0906	104	134	155	1	1	2
LIDC-IDRI-0906	119	389	356	1	1	1
LIDC-IDRI-0906	46	409	249	1	1	2
LIDC-IDRI-0909	335	99	150	1	1	2
LIDC-IDRI-0910	23	384	319	1	1	4
LIDC-IDRI-0910	70	91	332	1	1	4
LIDC-IDRI-0911	21	202	243	1	1	4
LIDC-IDRI-0911	41	104	270	1	1	2
LIDC-IDRI-0912	111	217	395	1	1	4
LIDC-IDRI-0912	240	381	401	1	1	4
LIDC-IDRI-0912	257	235	350	1	1	2
LIDC-IDRI-0913	199	316	362	1	1	2
LIDC-IDRI-0913	80	125	324	1	1	5
LIDC-IDRI-0914	159	81	296	1	1	1
LIDC-IDRI-0916	29	370	198	1	1	2
LIDC-IDRI-0916	60	118	181	1	1	2
LIDC-IDRI-0916	64	94	330	1	1	2
LIDC-IDRI-0916	82	73	280	1	1	2
LIDC-IDRI-0916	86	71	324	1	1	2
LIDC-IDRI-0917	109	101	140	1	1	2
LIDC-IDRI-0917	122	411	122	1	1	2
LIDC-IDRI-0919	175	370	314	1	1	4
LIDC-IDRI-0920	159	109	343	1	1	4
LIDC-IDRI-0921	69	143	300	1	1	5
LIDC-IDRI-0921	77	308	225	1	1	4
LIDC-IDRI-0921	85	339	220	1	1	1
LIDC-IDRI-0922	112	316	258	1	1	4
LIDC-IDRI-0922	53	356	334	1	1	4
LIDC-IDRI-0924	34	245	305	1	1	1
LIDC-IDRI-0929	181	113	337	1	1	1
LIDC-IDRI-0932	21	225	278	1	1	2
LIDC-IDRI-0933	66	155	324	1	1	1
LIDC-IDRI-0933	82	112	222	1	1	1
LIDC-IDRI-0935	49	71	207	1	1	2
LIDC-IDRI-0935	56	91	157	1	1	2
LIDC-IDRI-0935	68	83	169	1	1	2
LIDC-IDRI-0936	76	136	291	1	1	4
LIDC-IDRI-0936	94	372	193	1	1	4
LIDC-IDRI-0938	143	347	161	1	1	5
LIDC-IDRI-0939	204	128	291	1	1	2
LIDC-IDRI-0939	274	424	250	1	1	2
LIDC-IDRI-0940	125	329	258	1	1	2
LIDC-IDRI-0940	259	128	177	1	1	5
LIDC-IDRI-0942	106	124	292	1	1	1
LIDC-IDRI-0942	169	116	345	1	1	4
LIDC-IDRI-0942	169	82	308	1	1	4
LIDC-IDRI-0944	55	361	376	1	1	1
LIDC-IDRI-0946	47	130	395	1	1	2
LIDC-IDRI-0947	179	155	374	1	1	2
LIDC-IDRI-0947	224	128	183	1	1	2
LIDC-IDRI-0949	37	342	216	1	1	1
LIDC-IDRI-0949	43	145	195	1	1	2
LIDC-IDRI-0950	41	178	284	1	1	2
LIDC-IDRI-0951	159	111	225	1	1	1
LIDC-IDRI-0951	167	53	224	1	1	2
LIDC-IDRI-0951	174	64	214	1	1	2
LIDC-IDRI-0951	254	32	266	1	1	2
LIDC-IDRI-0951	78	157	398	1	1	1
LIDC-IDRI-0956	78	114	342	1	1	1
LIDC-IDRI-0956	80	182	251	1	1	1
LIDC-IDRI-0957	7	347	253	1	1	2
LIDC-IDRI-0961	27	343	368	1	1	2
LIDC-IDRI-0961	28	168	392	1	1	2
LIDC-IDRI-0961	29	141	330	1	1	1
LIDC-IDRI-0961	62	120	289	1	1	2
LIDC-IDRI-0961	67	435	285	1	1	1
LIDC-IDRI-0962	18	160	269	1	1	2
LIDC-IDRI-0962	19	155	277	1	1	2
LIDC-IDRI-0963	265	183	129	1	1	2
LIDC-IDRI-0966	105	448	180	1	1	2
LIDC-IDRI-0966	83	403	170	1	1	2
LIDC-IDRI-0966	91	202	314	1	1	4
LIDC-IDRI-0968	119	363	334	1	1	5
LIDC-IDRI-0968	187	124	141	1	1	2
LIDC-IDRI-0973	147	182	397	1	1	4
LIDC-IDRI-0973	95	96	290	1	1	2
LIDC-IDRI-0976	179	133	179	1	1	2
LIDC-IDRI-0976	202	144	163	1	1	4
LIDC-IDRI-0976	206	316	346	1	1	2
LIDC-IDRI-0978	110	326	358	1	1	4
LIDC-IDRI-0978	171	128	215	1	1	4
LIDC-IDRI-0978	227	205	350	1	1	4
LIDC-IDRI-0980	38	364	383	1	1	5
LIDC-IDRI-0980	59	431	339	1	1	2
LIDC-IDRI-0981	52	195	325	1	1	4
LIDC-IDRI-0982	140	359	313	1	1	2
LIDC-IDRI-0982	168	380	167	1	1	2
LIDC-IDRI-0982	53	185	286	1	1	4
LIDC-IDRI-0986	65	172	178	1	1	4
LIDC-IDRI-0987	188	427	313	1	1	2
LIDC-IDRI-0987	285	412	130	1	1	2
LIDC-IDRI-0993	68	82	267	1	1	1
LIDC-IDRI-0994	106	398	252	1	1	2
LIDC-IDRI-0994	124	361	239	1	1	5
LIDC-IDRI-0994	240	138	174	1	1	2
LIDC-IDRI-0996	19	303	338	1	1	1
LIDC-IDRI-0996	84	110	234	1	1	1
LIDC-IDRI-0997	247	153	131	1	1	2
LIDC-IDRI-0997	52	327	346	1	1	4
LIDC-IDRI-0998	51	317	290	1	1	4
LIDC-IDRI-0998	66	384	346	1	1	2
LIDC-IDRI-0998	69	395	363	1	1	2
LIDC-IDRI-0999	50	108	221	1	1	1
LIDC-IDRI-1001	77	406	155	1	1	2
LIDC-IDRI-1002	179	376	336	1	1	4
LIDC-IDRI-1002	56	173	329	1	1	4
LIDC-IDRI-1002	90	379	250	1	1	4
LIDC-IDRI-1003	72	148	136	1	1	2
LIDC-IDRI-1003	72	151	409	1	1	4
LIDC-IDRI-1003	83	121	131	1	1	2
LIDC-IDRI-1003	83	127	155	1	1	2
LIDC-IDRI-1004	150	395	194	1	1	5
LIDC-IDRI-1004	231	306	391	1	1	2
LIDC-IDRI-1005	117	113	119	1	1	2
LIDC-IDRI-1005	160	361	169	1	1	2
LIDC-IDRI-1005	181	76	289	1	1	2
LIDC-IDRI-1007	108	416	303	1	1	5
LIDC-IDRI-1007	120	89	124	1	1	2
LIDC-IDRI-1008	33	141	228	1	1	2
LIDC-IDRI-1009	66	314	321	1	1	2
LIDC-IDRI-1011	24	205	231	1	1	2
LIDC-IDRI-1011	47	213	167	1	1	4
LIDC-IDRI-1011	61	381	254	1	1	4
LIDC-IDRI-1012	105	145	153	1	1	2
